apple-apple 1.628374 1.904592 2.136195 2.423925 2.905419 2.941302 3.030188 3.627000 4.172454 4.305925 4.350051 4.358980 4.386679 4.448485 4.488417 5.025378 5.061770 5.081614 5.204996 5.212739 6.253928 6.658784 6.778057 7.055422 7.148958 7.727550 8.806965 9.185772 9.340157 9.635650 9.688891 9.699757 9.704538 9.911674 9.962467 10.229270 10.410697 10.782349 11.067876 11.131842 11.772897 12.232929 14.254697 19.277199 19.313900 23.796736 25.973536 26.063084 28.313261 40.907223 
apple-banana1 12.582455 12.583553 12.896397 13.005222 13.063050 13.088941 13.191763 13.398766 13.410362 13.417100 13.465524 13.975910 14.020075 15.486259 16.787708 16.838720 17.056965 17.057533 17.187284 17.713785 18.005150 18.233873 18.478020 18.504448 18.990675 19.122972 19.930887 20.248564 21.201084 21.203941 21.276716 22.073652 22.167059 22.399269 22.417137 22.534338 23.185522 23.404514 23.425623 23.533665 23.774973 23.912247 24.288225 25.062420 25.913546 26.496231 28.465384 30.882370 33.067764 44.351852 
apple-cherries 14.163281 14.481854 14.564483 14.657200 14.687510 15.576630 15.584847 15.699712 16.218294 16.359222 16.552572 16.601849 16.966145 16.985586 17.297789 17.342974 17.574669 17.653254 17.944201 18.703218 19.809120 20.774696 21.215693 23.879927 29.175198 30.008020 33.792675 38.576469 38.887997 40.715572 40.821346 41.794624 42.171787 42.496422 43.164913 43.459904 43.528561 43.792763 44.372486 44.693398 45.270020 45.581921 45.709545 45.768402 46.087925 46.521229 46.743130 47.968651 48.313236 48.916195 
apple-cherry2 17.910601 21.609564 22.604813 32.168289 41.219643 42.981598 43.769886 44.674931 45.576492 45.590450 46.561779 46.740883 47.000511 47.696861 47.837891 48.138725 48.648270 50.146553 50.523582 50.790665 50.965473 51.556141 51.926670 52.314754 52.326015 52.404110 52.484013 52.865128 52.956108 53.001419 53.147671 53.272369 54.395771 55.044743 55.052746 55.272579 56.338467 56.554443 56.555008 56.984486 57.286499 59.272114 59.537861 60.926773 61.014172 61.951244 63.508652 64.854118 69.505356 75.646576 
apple-orange1 7.118975 7.801784 7.837003 8.051027 8.467755 8.644091 8.648113 9.020807 9.079029 9.365571 9.743482 9.757330 9.903344 10.282409 10.329288 10.359841 10.588361 10.602557 10.611032 10.756791 11.401173 11.514113 11.696733 11.822003 11.832220 11.893071 11.911478 11.923188 11.961823 11.997440 12.054923 12.232286 12.510201 12.605415 12.712232 12.891472 13.067974 13.448496 14.042919 14.325262 14.992662 15.537189 15.783329 16.509501 16.874117 17.254860 17.649120 21.005129 21.017170 26.524704 
apple-paprika1 8.554295 9.148413 9.487286 9.590568 9.638957 9.683800 9.838301 10.030799 10.078350 10.173461 10.179276 10.323774 10.361591 10.383496 10.593289 10.745566 10.770429 10.783509 10.871099 10.995003 11.013235 11.015202 11.019973 11.110020 11.187966 11.968987 12.147356 12.247746 12.683601 12.772565 13.266637 13.383049 13.703552 13.820748 14.633924 14.724751 14.892333 15.217873 16.353474 16.381712 16.708075 17.197325 19.421852 20.993593 21.216555 21.698364 22.400244 34.077095 35.090076 36.101990 
apple-pear1 9.153271 9.470083 9.506556 9.530946 9.570136 9.762764 10.359961 10.519998 10.585160 10.622056 10.643355 10.644209 10.775876 10.777677 10.841846 11.043098 11.105826 11.122390 11.509260 11.629910 11.793617 11.997826 12.019903 12.063635 12.637678 12.735347 13.505928 13.508498 13.924931 14.671839 14.933394 15.806537 15.818585 16.018684 16.970667 17.625090 18.190969 18.215919 23.716299 25.591469 26.049795 26.877291 28.946667 30.835152 30.868940 32.715981 34.418571 38.834518 54.660553 151.526489 
apple-pineapple 19.487223 20.479546 21.200478 21.395330 21.404768 21.793577 21.812273 21.972307 22.491205 22.535179 22.572031 22.604729 23.011024 23.123857 23.280079 23.300858 23.676050 23.794622 23.819168 23.847740 24.028254 24.391657 24.428583 24.463562 24.465351 24.622950 25.543922 25.816181 26.144770 27.240530 27.543203 27.584837 27.633251 27.867430 27.942175 28.004034 28.016146 28.297173 29.087732 29.126101 29.567398 29.768799 29.884499 30.063065 30.260647 30.733196 31.085651 31.342043 31.636673 41.312431 
apple-watermelon 11.339949 11.458152 12.215837 12.752438 13.373718 13.378881 13.946698 14.778909 15.099676 15.209999 15.380898 15.530090 15.691646 15.782476 16.224020 16.231050 16.298716 16.327887 16.559782 16.717266 16.801367 17.097376 17.890551 17.914946 18.265894 18.398077 18.708904 20.366985 20.562157 20.609766 20.629715 20.685635 20.706697 20.844353 20.901495 22.455494 23.920704 24.227545 25.365376 25.484400 26.293970 26.357904 26.472424 26.758032 30.713312 31.876764 33.522396 33.568111 39.132130 57.366825 
banana1-apple 33.011448 33.497711 33.559174 34.972549 35.018326 41.817329 41.841724 44.199196 44.208073 44.229649 45.108734 45.203766 46.375362 46.947090 48.427834 49.397873 50.567284 50.736549 51.204556 51.293648 52.118534 52.498280 53.446537 54.466221 55.480274 55.644718 56.145599 56.163280 56.401939 56.647236 56.904015 57.453846 57.943504 58.092361 61.006260 61.348682 61.993351 62.465919 65.046120 65.234695 66.111664 67.214912 67.419136 68.117188 68.198792 68.588821 70.665115 76.550407 79.392555 83.214706 
banana1-banana1 1.795209 2.268025 4.107811 4.366967 4.473265 4.509878 5.454420 6.181799 6.181957 6.196732 6.766078 8.212441 8.567097 8.682099 8.771631 9.138741 9.316673 9.944118 10.008618 10.116535 10.261120 10.446616 11.015358 11.312309 11.471205 11.582999 12.368911 12.382870 13.140965 15.421173 17.125639 18.077227 24.876558 27.390940 31.768179 31.875828 34.941925 39.358536 42.133862 44.272324 46.308754 46.491085 47.862831 47.886612 48.787933 49.359253 51.325539 55.485020 61.316128 73.681534 
banana1-cherries 48.963535 51.271420 53.101875 61.120007 61.243580 61.409412 61.578835 61.864182 61.866314 61.980370 62.592304 62.677563 62.773170 62.808067 62.883549 63.206612 63.302071 63.338768 63.482769 63.706165 63.758778 64.107864 65.038475 65.047005 65.446449 65.484093 66.075615 66.405182 66.763924 66.970711 68.874130 68.969200 69.216576 69.256660 70.163696 71.468483 72.074089 72.162750 72.475754 72.692719 73.541977 73.552338 74.212120 75.025078 77.032341 77.050598 77.370819 79.212463 82.579941 83.982628 
banana1-cherry2 41.025578 41.858940 49.810623 49.876015 49.956520 50.283924 53.521839 53.625992 55.359352 56.152462 58.451717 58.556263 59.091202 60.303925 60.615246 60.903179 61.193016 63.450211 65.423485 67.316589 72.884148 73.628098 73.746185 74.191338 74.711159 75.436165 75.455894 76.308319 76.727081 76.905373 77.759933 78.877975 79.716400 79.806046 81.132805 82.653679 85.208565 85.580803 86.011543 88.636971 90.868652 91.497025 97.486595 98.171913 98.255066 98.341705 100.042763 100.730576 102.056053 103.338806 
banana1-orange1 32.277008 33.152985 33.263733 33.317974 33.421803 34.333359 35.009621 37.374977 37.566025 38.459427 39.873672 40.115318 40.185402 40.319820 40.565575 41.072056 41.619732 41.688614 41.987267 43.875736 46.154495 46.299683 46.484268 46.713425 47.275333 47.533371 48.708744 49.030273 49.048290 49.059181 49.351162 50.703236 51.025162 51.032421 51.037445 51.403305 51.431934 52.220734 53.499073 53.500698 54.057533 54.473438 54.636978 54.950638 56.688072 56.801979 57.372643 57.830833 59.306652 61.837315 
banana1-paprika1 28.265835 28.495472 28.968102 29.231186 31.388260 32.817619 34.456600 36.617378 38.090153 39.509056 39.595348 39.669540 41.254986 45.029381 47.944149 48.657471 49.231865 49.298187 49.396767 49.765823 51.928921 52.174721 52.215057 54.306019 54.944836 55.849377 56.553001 57.884411 58.733330 58.767941 58.900219 60.630943 61.204414 61.563492 65.316902 65.740044 68.872108 69.836990 71.035088 71.242302 71.689682 72.346039 73.265282 81.703133 83.476364 86.170319 87.374466 92.686600 93.604805 93.719826 
banana1-pear1 25.489714 26.203779 26.514509 28.331182 30.377039 30.620197 35.346088 37.942554 37.992332 38.250587 43.848492 46.338791 46.527477 47.031841 47.172195 47.344261 47.572475 47.756260 47.772526 47.803734 48.486855 49.054066 49.926582 50.450172 50.532360 50.797874 51.091534 52.959206 53.734509 54.672218 55.949581 56.221748 60.721424 60.899017 61.778008 62.940517 63.408165 64.107307 65.157738 66.082680 69.505135 69.734589 69.755119 70.230019 70.764503 76.458191 77.329636 82.192413 83.404572 108.630569 
banana1-pineapple 38.316647 43.662651 43.901714 44.615986 45.290035 46.290497 46.931473 46.947487 47.280487 47.569847 47.746933 48.264252 48.561996 48.867470 49.731869 50.123726 50.569168 50.654221 50.858604 50.986607 51.063797 51.730457 51.809139 51.874409 52.040318 53.073868 53.593685 53.704971 53.829910 53.861107 53.999420 54.132740 54.256824 54.698475 55.001209 55.294312 55.327477 55.369003 55.562695 55.621441 56.253456 56.964359 57.185883 57.282379 62.472183 63.483353 65.940857 70.498978 73.115005 105.066582 
banana1-watermelon 30.446980 31.057148 34.647255 34.666912 35.462833 38.004967 38.704617 38.978870 39.319435 39.462585 40.838753 41.399220 42.688576 42.896484 44.200089 44.233997 45.364796 46.096992 48.503502 48.563473 48.992954 49.157948 49.590698 49.808872 51.277344 53.421776 53.444740 53.682167 53.848339 54.914986 55.125694 55.230072 55.797157 55.817677 56.037888 57.741432 59.203503 59.420010 59.435123 60.014442 61.418453 61.526424 62.506123 63.347477 65.030647 65.509232 66.049309 76.208420 95.921738 104.327301 
cherries-apple 13.436928 13.858856 13.942632 14.002769 14.769504 15.062963 15.503418 15.528979 15.694347 15.822886 15.840294 15.898796 15.903522 16.018820 16.078342 16.193634 16.212828 16.239277 16.246052 16.248337 16.275883 16.321369 16.420944 16.448448 16.527761 16.644814 16.668877 16.735832 16.973829 17.310453 17.425945 17.522585 17.541250 17.697697 17.708248 17.865168 17.880852 18.026545 18.065210 18.339853 18.667292 18.710278 18.725660 19.632187 19.647249 20.419374 21.523752 21.712034 22.822849 22.953545 
cherries-banana1 11.093985 12.086627 12.122812 12.849998 13.199568 13.269939 13.336148 13.564941 13.683520 13.683941 13.756748 13.952847 14.052906 14.241608 14.333914 14.364794 14.498235 15.240486 15.322335 15.842853 15.871964 15.966583 15.999142 16.037491 16.114040 16.286575 16.312075 16.393478 16.651390 16.816488 16.883381 17.068943 17.089798 17.292828 17.339119 17.366119 17.897161 18.537483 18.706474 19.140318 19.315958 19.656076 19.795111 19.923698 20.171734 20.431017 21.047363 21.426367 22.262178 22.650906 
cherries-cherries 0.592168 0.963358 1.716868 1.732572 1.757427 1.822575 1.851415 2.304012 2.310792 2.352821 2.579825 2.582547 2.643395 2.843340 2.923494 2.954198 3.238611 3.695596 4.445050 4.455978 4.898591 5.072194 5.199595 5.214937 5.264890 5.294082 5.313068 5.360229 5.388467 5.391089 5.398505 5.433939 5.476304 5.522923 5.725739 5.853383 6.030539 6.198115 7.091948 8.340065 8.490191 12.120110 12.280126 12.952731 13.638087 14.185630 14.434056 14.877087 14.962831 15.262089 
cherries-cherry2 11.402449 11.456835 11.534072 11.534809 11.564639 11.592069 11.888137 11.957008 12.042181 12.050912 12.158142 12.183642 12.200676 12.324337 12.326083 12.532640 12.551522 12.618894 12.767082 12.833405 13.025634 13.098310 13.194396 13.439487 13.440452 13.565626 13.620057 13.649502 13.718079 13.895297 13.897682 13.954632 14.252058 14.329655 14.359137 14.640896 14.701305 14.977090 15.038288 15.149502 15.153750 15.684336 15.709375 15.960607 16.791845 17.077478 18.324654 18.584440 18.710905 21.473225 
cherries-orange1 11.009671 11.146207 11.644137 11.832049 11.892218 12.005836 12.015168 12.028121 13.209612 13.441917 14.076543 14.440000 14.529370 14.623892 14.682765 14.872571 14.885742 15.208787 15.513819 16.082237 16.093534 16.131498 16.253271 16.294121 16.435709 17.174963 17.211292 17.526407 18.136833 18.308582 18.336586 18.375929 18.892076 19.382040 19.778505 19.956610 20.371496 20.675152 20.920259 22.352591 22.516462 23.181362 24.512218 25.369114 25.399632 26.448908 26.522322 26.545551 27.033436 27.420059 
cherries-paprika1 10.404689 11.148849 11.297005 11.609647 11.637512 11.670625 11.781494 11.855674 11.862236 11.864466 11.912107 12.027731 12.530752 12.589204 12.635414 13.105082 13.177509 13.439757 13.753670 13.781947 14.058878 14.194057 14.380855 14.653690 14.859448 15.000031 15.521145 16.058722 16.909901 17.075024 17.541586 17.643496 18.076702 18.153959 18.912075 19.002064 19.317125 19.526134 20.101141 20.434021 20.855759 22.401024 25.231548 25.287483 26.188265 29.688583 33.522118 43.981461 50.537941 114.162315 
cherries-pear1 13.924167 14.811117 15.321982 15.455681 16.145340 16.174704 16.315363 16.404428 16.556381 16.612978 16.904760 16.934002 17.014442 17.021776 17.032784 17.644760 17.745445 17.954639 18.338108 18.435946 19.098547 19.099140 19.454720 19.673843 20.149244 20.278175 20.427311 20.499249 20.572342 21.192080 21.370607 21.516705 22.334106 22.364065 22.987543 22.988335 23.443893 23.526201 23.902193 24.567455 25.307051 25.348871 25.349443 25.380013 25.734184 29.307802 30.076471 30.161745 30.770977 42.903099 
cherries-pineapple 13.830791 14.402562 14.452807 14.475827 14.694860 14.763240 14.895151 14.913860 14.973638 15.060708 15.123048 15.285583 15.432970 15.564845 15.570417 15.575761 15.586897 15.588963 15.592321 15.650604 15.668962 15.709973 15.763961 15.775585 15.802565 15.811048 15.879334 16.028008 16.136280 16.192156 16.216970 16.219685 16.334835 16.353058 16.391457 16.468536 16.648283 16.795334 16.853844 16.939949 16.949377 16.994295 17.056797 17.389902 18.089384 18.238346 18.395699 18.565834 18.616522 18.889563 
cherries-watermelon 13.912490 14.014547 15.508702 15.515194 15.550075 15.790823 15.843487 16.056097 16.155563 16.757053 16.961224 17.315161 17.655937 17.743372 17.943350 18.001366 18.064991 18.259682 18.305788 18.403522 18.715345 18.905964 18.973583 19.013994 19.019548 19.285778 19.519030 19.628506 19.663502 19.816835 19.998800 20.023575 20.709000 20.950994 21.220772 21.922092 22.084856 22.379690 22.967016 23.379833 23.477278 23.594715 24.292820 24.438606 24.641779 25.305035 26.241070 26.922346 27.535851 135.629074 
cherry2-apple 8.648632 8.772613 8.819592 8.949133 9.323534 9.577699 9.640177 9.685663 9.718849 9.905238 10.000893 10.194222 10.243533 10.285129 10.587771 10.604226 10.631362 10.634883 10.714417 10.726947 10.839385 10.907890 10.915418 10.929133 10.929483 10.937922 10.938268 10.949747 10.951832 10.962924 11.082793 11.087379 11.123441 11.192296 11.199157 11.326641 11.361946 11.459616 11.503619 11.639812 11.659418 11.676238 11.786505 11.936721 12.152275 12.206086 12.319232 12.708219 12.767119 12.777663 
cherry2-banana1 9.156677 9.186780 10.504300 10.943354 10.975470 10.992804 11.137635 11.203190 11.447989 11.553778 11.641479 11.724483 11.922003 12.093121 12.128717 12.203246 12.269794 12.274540 12.438404 12.460898 12.485635 12.581046 12.634299 12.637476 12.688106 12.737182 12.745255 12.797371 12.851880 12.885886 12.894009 12.930900 12.936560 13.052860 13.145936 13.337031 13.514318 13.720908 13.927803 14.209508 14.217607 14.685520 14.745035 14.978004 15.087781 15.725879 15.781670 16.535225 17.287664 17.431255 
cherry2-cherries 12.485583 12.906429 13.903225 14.058324 14.269487 14.589412 14.608686 14.676031 14.887840 14.908969 15.231331 15.556893 15.557186 15.599138 15.956191 16.004112 16.030333 16.088863 16.159870 16.313976 16.460041 16.485437 16.531401 16.773518 16.844658 16.863169 17.063034 17.125587 17.386570 17.408937 17.424551 17.577843 17.745729 17.856951 17.963881 18.361868 18.377462 18.598186 18.885502 20.673506 20.824820 21.395350 21.531494 21.711433 21.895405 22.462418 23.186802 23.465609 24.721355 28.088964 
cherry2-cherry2 1.271103 1.630907 1.893478 2.089344 3.073529 3.212612 3.356958 3.398566 3.458209 3.505409 3.685989 4.118596 4.333647 4.343534 4.471187 4.582240 4.841587 5.066794 5.403587 5.650836 6.233273 6.626158 6.941503 6.990984 7.102192 7.347661 7.473445 7.537653 7.951477 8.011820 8.166097 8.406157 9.161602 9.518567 9.614110 10.282330 10.655626 10.747572 11.422929 11.840668 11.924114 12.248366 13.263248 15.668800 16.095697 16.764626 16.824091 17.216490 18.521137 20.328878 
cherry2-orange1 6.715387 7.069146 7.107027 7.341447 7.467001 7.497416 7.626149 7.697115 7.711806 7.748145 7.778717 7.865215 8.206302 8.214689 8.358477 8.405024 8.435407 8.467692 8.473949 8.523648 8.536319 8.554867 8.569454 8.805574 8.808695 8.874287 8.879710 8.912676 9.001329 9.005207 9.022506 9.026663 9.060069 9.081747 9.188377 9.197431 9.206347 9.449954 9.496743 9.567275 9.798692 9.823670 10.058069 10.860449 10.873741 11.316504 13.965307 15.798719 16.880335 52.508900 
cherry2-paprika1 7.152127 7.222275 7.586214 7.665770 7.675297 7.695352 7.939601 7.954105 8.165684 8.231141 8.262476 8.265026 8.276476 8.280050 8.314451 8.321308 8.497135 8.499336 8.633183 8.706199 8.769283 8.770657 8.797207 8.808059 8.881085 8.980387 9.048629 9.090304 9.163291 9.262041 9.457645 9.477395 9.530529 9.532053 9.552488 9.591534 9.684288 9.873360 10.259045 10.265550 10.509594 10.516882 10.569925 10.589830 11.134826 11.695312 12.071475 31.536856 40.279770 96.600830 
cherry2-pear1 8.285312 9.607085 9.779085 9.899961 9.964384 10.134282 10.141779 10.148752 10.385761 10.464687 10.614629 10.679866 10.877193 11.087933 11.310194 11.311218 11.504597 11.556007 11.590211 11.745029 11.764270 11.798953 11.801373 11.888680 11.921388 12.049032 12.185731 12.494865 12.501678 12.567514 12.755335 12.808155 12.850536 12.857739 12.967541 12.976013 12.978843 13.098811 13.161871 13.342320 13.814084 15.506923 15.580027 16.046907 16.196405 17.540997 20.087605 22.960032 26.406216 43.406425 
cherry2-pineapple 13.467834 13.491735 13.637817 13.692162 13.833580 14.016127 14.276734 14.376682 14.383654 14.695632 14.708657 14.884701 14.966493 15.152229 15.162218 15.193055 15.380476 15.476362 15.507129 15.615898 15.745533 16.023615 16.132088 16.151087 16.217669 16.335665 16.338581 16.386713 16.422379 16.514109 16.517801 16.643391 16.696814 16.706268 16.819956 16.823359 16.874790 16.913420 17.076628 17.173410 17.324940 17.330765 17.828005 17.835527 18.185629 18.611431 18.623323 18.683256 18.711594 19.049709 
cherry2-watermelon 9.438311 9.590300 9.665106 9.915434 9.993671 10.053228 10.305648 10.465202 10.693084 10.888782 10.894917 10.961852 11.020114 11.132382 11.221815 11.475975 11.731811 11.764505 11.833623 11.896882 11.919655 11.941489 11.958662 11.998697 12.130141 12.210165 12.224198 12.334468 12.494119 12.495415 12.515016 12.536106 12.563007 12.563596 12.730374 12.754032 12.914630 13.102906 13.216311 13.300992 13.643424 13.765258 14.135992 15.606908 19.778526 20.023096 32.051727 42.716015 56.788887 115.008789 
orange1-apple 122.535759 123.875061 124.040703 124.161453 124.737228 125.369354 126.014801 126.122604 126.214775 126.467537 126.708260 126.842186 127.266045 127.604179 127.847786 129.352585 129.509644 129.808060 130.433853 130.539551 131.127533 131.673676 131.951569 132.874161 133.083160 133.516479 133.566315 133.689560 134.390594 134.631088 134.666840 136.002960 136.187378 136.985962 137.748962 139.391556 139.891907 141.364120 142.276093 142.427658 142.602325 147.129074 154.979675 158.842178 165.776108 166.643463 171.304642 172.448013 174.533554 199.942596 
orange1-banana1 100.789040 102.398415 102.667625 102.798164 103.484886 107.336807 107.736511 107.844696 108.520966 108.702858 108.994354 109.445129 109.900467 110.958817 111.275948 111.317551 112.035667 112.453415 113.347404 113.548378 114.148102 116.065681 116.466286 116.647873 116.787498 116.854347 119.232101 119.463036 119.714424 119.738487 122.348244 122.501122 122.810791 124.679070 125.618584 126.394508 128.057709 128.319809 128.394760 131.498306 135.209396 135.227066 136.167236 138.357361 140.043335 146.223694 161.283630 162.313965 167.036575 168.864029 
orange1-cherries 175.978577 176.405197 177.833542 183.399979 183.654114 184.682007 186.525787 187.200424 189.368713 193.550079 194.053696 196.729279 197.324356 198.118469 198.805847 199.445679 200.216446 200.533188 202.265961 202.953049 204.711624 205.558380 206.406540 207.004608 207.921097 207.941254 209.230286 209.491547 209.657211 209.910980 210.822205 212.565994 214.063568 217.819611 218.319916 219.567963 223.317657 224.791351 225.658020 226.888809 227.130249 228.714432 230.950409 232.895584 235.152908 237.228607 244.296936 248.926270 251.672974 268.847839 
orange1-cherry2 133.013138 135.256714 140.356247 141.990234 142.777191 148.932449 151.938904 152.113510 160.380035 161.400787 165.329788 166.452972 167.478638 171.395279 171.895203 171.999649 173.585175 175.681580 176.714310 177.266510 177.460571 177.487732 177.922867 179.684982 180.754211 182.210297 182.963470 185.776917 187.928345 188.586197 190.386780 191.405319 191.421692 192.242828 192.254303 193.547897 197.205338 198.990921 199.069275 200.039154 200.317154 212.068726 216.047241 218.872849 219.193298 221.581680 226.930756 228.563324 231.571930 239.060150 
orange1-orange1 1.997750 2.254600 2.450122 2.495447 2.885397 3.412958 3.467554 3.517329 3.947321 4.021161 4.330625 4.526187 4.536036 4.616946 4.693508 4.804062 4.898322 5.140604 5.287936 5.384451 5.627927 5.720972 6.188516 6.803358 7.166214 7.427938 7.657959 7.806935 8.878502 9.365735 9.625820 9.918786 11.093161 11.616197 12.859921 13.442124 13.719793 16.112661 17.617474 18.730562 18.859610 21.068666 21.846426 24.209440 28.473183 34.056305 43.154400 62.678818 67.450638 69.827354 
orange1-paprika1 70.490570 73.582932 76.200081 76.633224 77.416786 77.673889 78.129967 78.534607 78.583885 79.589630 80.260521 81.647636 81.973625 82.238792 86.371025 86.737000 86.999268 88.176689 88.759026 90.039963 90.277580 92.000252 92.326195 93.021393 95.137001 95.841530 98.247673 100.011307 101.548141 102.199753 102.491844 105.571541 105.683167 106.031212 106.154045 107.064178 114.670937 115.591698 117.716339 120.375168 120.442268 123.404686 128.884079 129.800476 131.996674 132.144928 135.811218 138.636917 155.715393 170.492004 
orange1-pear1 66.367126 66.382309 70.240578 70.326439 70.422043 70.912750 71.062752 71.145065 72.944016 73.665627 75.597443 76.779831 77.233513 77.951294 81.172318 82.716843 94.951843 95.347382 97.300667 97.586670 97.930702 99.707695 100.511047 100.700584 100.915497 101.002869 101.157158 101.428429 101.704231 101.775101 101.843079 101.953499 102.838203 104.020149 104.744873 104.897346 105.021515 105.277367 105.613518 106.230118 108.978317 110.426056 111.677467 114.836746 115.017204 117.322899 119.384201 121.944412 122.546204 127.277008 
orange1-pineapple 126.438896 126.941719 127.807503 128.474594 129.008728 129.096786 129.326080 129.724609 130.119385 130.215591 130.857986 131.206207 131.464050 132.036896 132.539948 132.953339 133.150955 133.302368 135.809921 135.995789 136.846939 137.058762 141.451385 142.615341 142.877533 145.045746 145.054840 146.304962 146.376923 147.242722 148.929749 149.278748 149.346939 150.951370 152.288986 153.272171 153.399750 155.423248 159.550034 159.821365 161.548187 161.818039 168.457779 169.932632 171.663925 172.409958 175.380356 176.439270 188.509720 218.322189 
orange1-watermelon 93.703194 94.420372 95.990860 96.824333 96.908943 97.015457 97.788773 98.611420 98.829697 99.049957 99.437500 99.662560 101.013535 101.209328 105.375694 106.116623 108.421387 108.731590 117.280647 118.256828 118.638748 118.748161 121.719994 122.074394 122.189491 122.664726 124.231140 125.652740 126.305252 126.528976 133.595688 133.895874 134.572754 134.764923 134.815811 136.671371 137.437714 137.876648 138.829788 139.193558 139.221741 139.228531 139.744064 140.741653 141.713425 144.475998 147.314484 147.385315 151.045853 157.260269 
paprika1-apple 19.001951 19.106030 19.143326 19.882261 20.016687 20.077682 20.187170 20.578014 21.053999 21.415049 21.451544 21.539700 21.841673 21.853689 22.033850 22.226887 22.405659 22.464161 22.508982 22.558910 22.633108 22.971369 23.003790 23.068159 23.155771 23.178082 23.288647 23.644506 23.678736 24.029879 24.418537 24.634628 24.759584 25.233294 25.999514 26.335354 26.729067 26.967413 27.855850 28.961025 29.193970 29.903379 30.016941 30.085655 30.150061 31.030161 32.138378 37.588661 41.701229 47.826313 
paprika1-banana1 24.803743 24.937780 25.589828 25.592371 25.661615 26.041712 26.397863 26.661995 26.903292 28.154596 28.756338 29.375263 29.713936 32.133144 32.205231 32.869980 32.994659 33.826244 34.293869 34.401871 34.741459 34.928524 35.278336 35.360596 35.762718 35.842720 35.954105 36.515465 37.891689 38.110855 38.137054 38.683296 38.885643 39.336559 39.533295 39.654083 40.690689 40.818615 40.867500 40.895695 40.945202 41.035488 41.572342 43.010117 43.335548 44.047955 46.450367 46.584995 47.090698 52.477509 
paprika1-cherries 16.785378 18.539442 20.329042 23.874887 23.903925 24.828697 26.228661 26.350544 28.017488 28.133591 28.341045 28.450346 30.037712 30.052322 30.458208 31.051874 32.870384 34.140240 34.543270 37.368874 37.853683 37.902637 38.263840 39.164948 39.383339 40.956192 43.210777 43.227928 44.086796 45.084373 46.281532 47.569633 48.278030 52.462330 53.160351 53.945484 67.717751 67.860626 70.605392 97.894363 106.091583 106.801125 109.308037 112.888321 113.141068 113.738815 120.397575 124.509407 127.471817 131.429886 
paprika1-cherry2 24.922667 26.724949 28.301182 29.445095 30.136684 33.862076 34.265293 34.693424 36.976570 42.308296 42.326778 42.794781 45.195553 51.628944 53.488846 53.509033 59.409756 64.440125 73.228172 74.241379 74.554420 75.472305 75.726486 76.333405 78.669579 79.000664 80.588600 82.003021 82.244102 82.419426 82.749817 83.605644 83.711205 83.896393 84.035927 84.920036 86.067879 86.533173 86.796051 88.011017 88.432381 89.460541 89.732422 89.968330 90.644150 93.591423 103.904884 113.809364 114.383575 168.044098 
paprika1-orange1 9.203979 9.309871 9.448162 9.474419 9.490530 9.512282 9.542876 9.621978 9.641836 9.737772 9.824149 9.866716 10.019156 10.056532 10.204587 10.249660 10.333881 10.403154 10.529162 10.570979 10.576376 10.579731 10.616599 10.712800 10.776711 10.779542 10.928822 11.231787 11.304005 11.350567 11.361577 11.584260 12.138244 12.364553 12.457785 12.744111 13.168967 13.597690 13.802825 14.155817 14.181842 14.189219 14.671103 15.585799 15.847015 16.298130 16.790560 19.257246 20.102175 21.153847 
paprika1-paprika1 1.528635 2.283237 2.836487 3.553979 3.877901 4.492827 4.519265 4.625395 5.365522 5.546253 5.770974 5.964096 5.968400 6.166462 6.490657 6.496047 7.004313 7.363374 7.639638 7.974683 8.156002 8.399899 8.441013 9.194703 9.450801 9.625928 10.373090 10.557126 11.926678 12.572968 13.219934 13.329574 13.353454 14.844212 14.927074 15.818864 16.030420 16.428509 17.296694 17.362677 17.388460 17.397598 18.712759 18.988207 19.877249 20.622086 21.628246 24.651373 25.810268 35.136066 
paprika1-pear1 11.516899 11.589599 11.706304 11.956826 12.439449 12.770156 13.268261 14.113664 14.256211 14.454563 14.611300 14.700095 14.724946 14.875771 14.891785 14.949636 14.983648 15.161532 15.370920 15.377098 15.426090 15.528081 15.641086 15.663671 15.885870 15.939788 15.997545 16.263931 16.324255 16.655983 16.904217 16.926783 16.987349 17.278004 17.351086 17.356977 17.388151 18.262184 18.353985 18.576569 19.441092 20.020689 22.223545 23.038231 23.190386 23.321466 23.669258 23.934914 40.539982 46.609409 
paprika1-pineapple 24.513050 27.442076 28.522913 28.938791 29.145037 30.150469 32.715240 32.837093 33.378319 35.611122 37.196926 49.302799 57.423752 59.025646 59.465530 60.612617 60.658867 60.853912 61.203514 61.446362 61.622437 62.072811 62.187832 62.275028 62.308838 62.377148 62.428932 62.639214 62.765209 62.885509 63.066074 63.094131 63.797340 64.145821 64.227982 64.303886 64.329056 64.975075 65.300522 66.284088 66.501305 68.104164 68.753990 70.034157 70.873634 71.379333 75.088509 75.737099 84.056259 90.129509 
paprika1-watermelon 23.382034 23.675709 24.199818 24.242233 24.566496 24.583050 24.775324 24.790716 24.827675 25.004436 25.193100 25.524025 25.685148 26.048195 27.209707 27.582094 28.006130 28.161440 28.296221 29.096668 29.348536 29.374947 29.808960 29.851568 29.926311 30.407476 30.772812 31.253883 31.715158 31.740406 31.853247 32.578197 32.637951 32.664165 33.077301 33.970123 34.215263 34.374805 34.987953 35.088951 35.447941 35.931774 36.741810 38.988197 39.417816 46.626362 48.667747 53.833656 65.038231 73.224007 
pear1-apple 37.804680 38.070347 38.165237 38.767300 38.938099 39.572609 39.723446 40.067657 40.107330 40.430405 40.482494 40.643780 40.986916 41.054203 41.155712 41.446465 41.662090 41.729034 42.592018 43.150009 43.675106 43.754829 43.859589 44.006508 44.047012 44.308495 44.442802 45.393356 45.529652 45.906078 46.208195 46.646908 47.012222 49.041325 49.048916 50.026295 50.258526 51.995583 53.417622 56.001469 59.807110 66.050705 68.746956 69.433968 76.769867 80.251724 83.819191 84.945778 86.518822 94.736649 
pear1-banana1 29.932673 34.924522 35.395279 35.442493 35.879242 36.380569 37.003632 37.370434 37.520535 37.541725 37.717644 37.875557 37.956341 37.968407 40.147717 41.321426 41.328266 41.403896 42.127438 45.748138 46.258663 48.097668 50.028282 50.361176 50.819637 51.710873 52.324394 55.199043 55.850010 57.514114 58.900536 59.165089 59.360184 61.156269 62.847244 65.346741 65.801857 66.774544 67.161507 67.855614 67.953606 72.257996 72.893814 73.341484 73.905563 74.748337 75.675835 79.497604 104.853264 118.441132 
pear1-cherries 68.883469 73.766510 74.709221 87.016571 88.321564 90.047501 97.438553 98.463844 102.213966 110.864082 111.077766 111.935478 112.026894 112.285622 112.689606 112.690781 112.800148 112.939026 113.173561 113.290619 113.425613 113.603424 113.820656 114.001091 114.559723 114.818695 114.821312 114.931404 116.220848 116.376686 116.635086 117.163620 118.437263 119.368622 119.619186 120.183762 120.312881 120.318504 120.520058 122.033928 123.013664 126.369934 127.261894 127.583961 129.011292 130.188721 131.797760 176.445724 176.842148 179.611023 
pear1-cherry2 34.224472 37.817039 55.577682 64.894409 71.031448 71.089943 72.042992 72.764671 72.837440 73.019592 73.654472 73.948151 74.014420 74.716064 74.777580 74.877327 74.892326 75.084007 75.196831 75.332123 75.973343 75.981522 76.402313 76.600494 76.839874 77.099220 77.220810 77.554550 77.672173 77.754662 77.879181 78.836288 79.439362 79.559685 79.860306 79.885719 80.714127 80.913887 86.050049 86.873299 87.778206 88.537415 89.047043 91.494164 94.338303 100.096268 100.641579 104.649551 106.034904 123.011658 
pear1-orange1 13.067691 13.078465 13.234036 13.558723 13.684011 13.744632 13.762235 13.778896 13.817191 13.889314 13.898869 13.993971 14.514135 14.533963 14.801474 15.054470 15.099005 15.128371 15.192905 15.333855 15.491465 15.572407 16.210297 16.267355 16.751205 16.784279 16.838404 17.651514 18.068830 18.323757 18.429102 19.292847 20.812553 20.869541 20.876240 20.902687 21.116640 21.335669 21.479239 21.625795 21.699095 21.742136 21.876459 21.886333 22.011463 22.401484 22.560259 22.751854 24.702583 41.351852 
pear1-paprika1 17.527451 17.623299 17.899769 18.320589 18.504248 18.533648 18.544680 19.204615 20.067303 20.804550 21.018398 21.428408 21.648792 21.695311 21.741056 22.413889 22.542774 22.616226 22.883713 22.994009 24.820795 25.335293 25.707138 27.757919 27.808372 29.007803 29.631416 30.361839 30.393770 30.405624 30.666016 31.163706 31.652777 31.762047 31.815899 31.938337 32.351826 33.863804 34.479523 34.644882 35.540386 35.912178 36.206158 36.868141 37.655060 39.057858 39.648392 39.786537 52.433819 89.237015 
pear1-pear1 1.327972 3.029026 3.084962 3.197610 3.439807 3.579879 3.600564 4.082911 4.782624 4.790677 4.919539 5.451616 6.068332 6.178000 7.527607 8.054747 8.557355 8.898882 8.936127 9.359129 9.772503 10.189566 10.786144 11.235791 14.101027 17.207170 17.355747 17.650002 18.648987 18.812969 18.968321 19.283606 19.994904 20.574312 21.175764 21.349285 22.867344 23.329172 26.132788 32.052132 49.039078 49.245190 50.649654 51.634869 52.359169 58.727779 76.130920 76.820839 83.945930 104.553802 
pear1-pineapple 31.825821 37.184235 38.002274 40.629601 41.090420 41.986649 43.696377 44.390297 46.889870 54.071156 58.002201 60.167183 72.627869 74.379158 77.539314 80.248024 81.220398 82.184372 83.025642 83.342880 87.320282 91.643311 92.757889 92.982521 93.762756 93.935051 95.528625 96.224831 97.064003 98.205887 99.820869 100.127548 100.249199 100.965881 101.399597 101.538147 101.781517 101.799744 102.323616 103.201729 104.760262 105.745750 107.432793 107.443581 108.220016 109.222893 111.735466 113.650078 114.854530 115.071396 
pear1-watermelon 32.584217 32.642101 32.709347 33.346222 33.952164 34.204067 34.343830 34.575211 34.685661 34.879112 35.087265 35.900696 36.543961 36.670475 36.992287 37.322617 37.503563 37.801991 37.857384 39.315762 41.136887 41.241199 41.791172 44.499947 45.175472 45.427490 46.983086 57.395752 58.205166 58.306503 58.625317 59.966118 60.933086 61.553024 62.403255 63.689419 63.702538 64.141327 64.957214 66.519333 66.895264 67.652534 68.265053 69.007980 72.490051 76.940529 78.460564 79.938347 87.593391 91.437698 
pineapple-apple 8.889545 9.269118 9.417384 9.520153 9.708568 9.723975 9.770928 9.809227 9.822822 9.879565 9.890913 9.904225 9.964557 10.006909 10.196445 10.230008 10.306012 10.306736 10.427931 10.531765 10.605278 10.726655 10.810668 10.902565 11.054124 11.091532 11.567876 11.634747 11.670490 11.699772 11.712856 11.735309 11.755659 11.757112 11.967022 12.051151 12.131310 12.205331 12.232888 12.358794 12.651502 12.655666 13.194749 13.323213 13.582222 13.640695 13.649235 14.067867 15.374533 16.936186 
pineapple-banana1 8.388982 8.575529 8.635299 8.659377 8.699293 8.775802 9.014221 9.125323 9.217617 9.394680 9.405364 9.412097 9.417031 9.504568 9.585126 9.601121 9.679325 9.723146 9.798341 9.862598 9.995156 10.044157 10.076825 10.120008 10.164732 10.199360 10.234332 10.266336 10.288496 10.396911 10.554950 10.700780 10.705814 10.719204 10.743182 10.776432 10.882659 10.994743 11.569646 11.842729 11.957920 12.237568 12.251819 12.844074 20.516708 20.895708 30.023689 30.130821 37.707005 42.364403 
pineapple-cherries 10.184025 10.525654 10.552603 10.564881 10.597019 10.787021 10.791330 10.834516 10.889836 10.894832 10.950103 11.047617 11.084064 11.085557 11.110521 11.112876 11.179591 11.188838 11.209728 11.241128 11.246346 11.271694 11.303278 11.321519 11.391854 11.430244 11.460377 11.476858 11.510689 11.512814 11.588132 11.601760 11.632626 11.668015 11.699175 11.714029 11.798393 11.886452 12.012713 12.120737 12.129683 12.151176 12.203291 12.206842 12.272647 12.519348 12.645003 12.696428 12.863750 12.974626 
pineapple-cherry2 11.366140 11.433354 11.434044 11.756209 11.815952 11.841408 11.919709 11.951694 12.175937 12.461440 12.517989 12.661549 12.692070 12.711006 12.727713 12.762732 12.784716 12.886635 13.046701 13.092563 13.130549 13.154333 13.167119 13.197112 13.249081 13.394417 13.585205 13.597007 14.146775 14.629930 14.721753 14.752898 14.984612 15.012621 15.155739 15.238307 15.518513 16.028484 16.084448 16.296486 16.298561 16.531027 16.692432 16.988657 18.813234 19.298590 19.483948 20.062057 20.720692 24.386280 
pineapple-orange1 8.408282 8.647406 8.775180 8.791245 8.794276 8.825109 8.884840 9.041969 9.278125 9.327890 9.464669 9.484932 9.707438 9.808890 10.140341 10.401982 10.441577 10.570918 10.591661 10.620011 10.844081 10.942628 11.026897 11.166679 11.315526 11.463078 11.517026 11.683184 11.830700 11.968585 12.088500 12.415317 12.507721 13.259784 13.501518 13.559382 13.710762 13.741096 14.075190 14.209647 14.248431 14.475585 17.169928 19.371130 20.470314 21.750246 26.726538 46.860542 94.803566 102.089134 
pineapple-paprika1 8.866545 9.118052 9.273349 9.336301 9.435754 9.767443 10.007668 10.007920 10.010670 10.366383 10.391665 10.702371 10.722243 10.728606 10.741386 10.816046 10.851832 10.939972 11.207922 11.243664 11.249458 11.288519 11.350714 11.362170 11.560526 11.673139 11.931537 11.960527 12.056169 12.391882 12.704062 12.721981 12.846601 12.885146 12.937780 13.215935 13.550488 13.635411 14.660452 15.053281 15.234179 15.693362 19.859632 27.344551 43.139236 50.756405 79.949608 99.032509 106.098740 146.790894 
pineapple-pear1 9.709469 9.916788 10.679678 11.355342 11.370204 11.386602 11.874503 11.957991 11.993758 12.088375 12.097047 12.543715 12.635880 12.645677 12.765018 12.795065 12.992130 13.078015 13.190442 13.676128 13.753362 13.836121 14.093196 16.218746 16.317146 16.492235 17.148968 17.647001 19.783058 19.991478 20.001808 20.386253 24.500366 26.129047 27.121155 28.005630 31.756330 37.114838 39.463428 52.591339 58.363018 76.818825 79.527069 93.381760 99.298607 112.258163 130.758728 132.050964 135.111832 151.556488 
pineapple-pineapple 1.575301 1.643558 1.832425 2.098289 2.346454 2.530710 2.547848 2.811429 3.128286 3.376785 3.485496 3.662365 3.754237 4.346944 4.368795 4.776010 5.130959 5.610438 5.859445 5.873753 6.240639 6.802683 6.821629 6.880405 6.921913 7.200868 7.214308 7.522553 7.714255 7.869625 8.065017 8.112760 8.162328 8.255084 8.280210 8.581603 8.639983 8.729300 9.005832 9.023225 9.039371 9.218397 9.372213 9.449389 9.507624 9.525017 10.155730 10.865392 10.888541 11.493747 
pineapple-watermelon 8.771745 9.013684 9.091630 9.138021 9.194259 9.326519 9.385150 9.441191 9.675282 9.968478 10.010950 10.029693 10.147907 10.161976 10.195540 10.333724 10.356658 10.986140 11.007030 11.126107 11.172987 11.668726 11.748419 11.886069 11.887464 11.943623 11.958098 11.986632 12.207943 12.292726 12.491458 12.517160 12.599833 12.600007 12.794983 13.017667 13.336839 13.688061 14.003454 14.965719 19.980637 20.542164 21.646601 28.058317 29.083389 30.967390 33.676521 73.132950 92.517883 93.358124 
watermelon-apple 16.625061 16.750702 16.797602 16.815186 16.826670 16.832472 17.035852 17.066753 17.138416 17.170509 17.289827 17.362915 17.374704 17.377457 17.400337 17.439489 17.606445 17.610201 17.619514 17.763208 17.871788 17.900110 18.515148 18.641577 18.746527 18.965656 19.117041 19.210527 19.253359 19.279400 19.550140 19.602293 20.558704 20.633755 20.759512 20.837818 21.262522 21.263611 21.316338 21.526777 21.571312 21.732590 21.816086 21.908045 22.394461 22.975414 23.325756 23.406746 24.109051 29.122829 
watermelon-banana1 13.787873 14.253127 14.392592 14.964866 15.017072 15.631897 15.788667 16.159101 16.208620 16.424187 16.610620 16.749601 16.838734 16.903044 16.936037 17.030928 17.056496 17.241688 17.377884 17.386015 17.446226 17.450720 17.456797 17.627039 17.682653 17.712753 17.804052 17.883629 17.954615 18.232441 18.341351 18.504030 18.774601 18.959551 19.081511 19.183695 19.318266 19.809284 19.924158 20.024996 20.527996 20.682697 21.137812 22.854397 23.297142 24.197432 25.265381 25.441885 26.655052 37.620941 
watermelon-cherries 19.151781 19.610552 19.930782 19.953594 19.988686 20.214035 20.305510 20.356207 20.623798 21.029697 21.908924 22.648466 23.514692 23.623619 23.641802 24.061840 24.114891 24.540789 24.659874 24.848743 24.854006 25.053789 25.680368 26.403963 26.418190 26.577133 26.743252 26.837269 26.959576 27.024199 27.405678 27.551081 27.651306 28.083698 28.100069 28.138531 28.465216 30.152639 32.870029 34.555492 34.841866 36.136246 36.372704 36.437248 37.153961 38.492432 38.839577 42.082382 46.151134 48.678123 
watermelon-cherry2 20.223991 20.680698 21.532288 21.541912 21.707857 24.480652 24.739796 26.324612 26.342775 26.619541 26.716803 26.785755 26.818504 26.953562 27.548420 27.582544 27.882275 27.899822 27.918329 28.859329 29.092402 29.203352 29.301950 29.441368 29.500977 29.593487 29.948689 29.948828 30.188765 30.240355 30.379606 30.453730 31.218325 31.266155 31.703941 32.938065 33.025131 34.540302 34.898380 34.905617 35.276566 35.716835 36.141674 38.660824 39.069115 41.691319 43.123402 52.655170 52.948696 53.808243 
watermelon-orange1 13.206115 13.633310 13.699296 13.898040 13.928140 14.123029 14.226029 14.492420 14.979199 14.997747 15.091918 15.257071 15.347766 16.222147 16.639202 16.683413 16.765514 16.904844 16.920164 16.965469 17.078701 17.093924 17.145885 17.194086 17.521626 17.725458 17.768690 17.864491 18.064030 18.159317 18.268694 18.383438 18.398209 18.412306 18.419310 18.439678 18.527542 18.668486 18.924562 19.803791 19.806801 21.152159 21.382013 21.800941 21.871157 22.425970 22.609348 22.728567 23.191841 24.152332 
watermelon-paprika1 14.567931 14.608604 14.640184 14.750884 15.009850 15.012984 15.047253 15.144939 15.151834 15.241070 15.413260 15.563554 15.856093 15.945549 16.202385 16.249950 16.378468 16.693779 16.889290 17.074095 17.152245 17.269356 17.707094 17.711626 18.152946 18.561447 18.721479 18.961460 18.976831 19.054611 19.702204 20.334539 20.445961 20.545879 20.799049 20.837322 20.962130 21.218081 21.343975 21.580778 21.710339 21.769835 22.324793 22.531988 23.025812 23.270161 23.960150 24.063221 24.205330 24.238676 
watermelon-pear1 12.464595 12.635381 12.714338 13.260825 13.562084 13.759784 13.911586 13.966462 13.978213 14.114507 14.290230 14.422197 14.434749 14.618364 14.642500 14.834689 14.963053 15.039498 15.235792 15.258492 15.460510 15.521606 15.746359 15.797544 15.912676 15.940210 16.147924 16.294064 16.309853 16.431232 16.540998 16.571236 17.078285 17.105680 17.680487 18.791773 18.901896 18.998985 19.101295 19.726025 20.262383 20.364717 20.776060 21.340794 22.227711 22.630379 22.774948 23.291241 23.448345 28.589731 
watermelon-pineapple 15.518210 15.864952 16.225214 16.480776 16.960787 16.964977 18.808344 19.725719 20.003443 20.143538 21.260466 21.589052 23.607578 23.793037 24.060955 24.211462 24.505037 24.630678 24.633966 24.885523 24.994366 25.064856 25.304018 25.332182 25.367704 25.926180 26.089767 26.382286 26.552828 26.679869 27.286131 27.445730 27.565496 27.666241 27.874840 27.881262 28.497602 28.642893 28.707703 28.991112 29.381821 29.542858 29.712517 30.629578 31.117456 31.206535 31.285147 31.563650 32.156036 32.680470 
watermelon-watermelon 2.376187 2.832307 2.964593 3.508746 3.633664 4.971041 4.982279 5.327679 6.011410 6.581074 6.653244 6.756740 7.007312 7.409101 7.470856 8.452095 8.633883 8.999541 9.357113 9.638328 9.809580 10.360844 11.135758 11.749556 11.958248 12.037762 12.426331 13.042768 13.208301 15.354044 15.544085 15.896317 15.995319 16.122255 17.931913 18.262539 18.278126 18.611019 18.917543 18.981730 19.043522 19.253801 19.339857 19.567940 19.633188 19.673279 19.713400 19.943167 20.173229 21.101902 
