cross 0.0343 0.2125 0.4228 0.5488 0.5746 0.6256 0.7086 0.7813 0.7962 0.7997 
triangle1 0.6227 1.1150 1.1869 1.3931 1.4057 1.4449 1.5777 1.7161 1.8118 1.8301 
square 1.7800 1.8202 1.8391 1.9793 2.0464 2.0481 2.0677 2.0680 2.1654 2.3479 
clover 2.0150 2.1171 2.1299 2.4642 2.4879 2.5274 2.8926 2.9236 3.0148 3.1341 
circle 2.6994 2.7750 2.7816 3.4583 3.6521 3.6713 3.9426 4.0307 4.1491 4.2920 
house 2.7058 3.8375 3.8877 4.1003 4.4028 5.0211 5.1429 5.3078 5.4170 5.5664 
balls 3.2088 4.8952 6.2180 6.2356 6.2695 6.2910 6.3247 6.6864 6.9873 7.9038 
4star 5.7624 6.8882 7.1540 7.1687 8.3588 8.6272 9.0356 9.3452 10.0476 10.3327 
5star 8.5572 11.6550 11.8335 12.1294 12.6631 13.1836 13.7128 13.9619 14.1679 14.2129 
arch 14.2130 14.6564 14.7772 15.5189 15.8979 16.4883 16.5340 17.6552 17.8888 18.2774 
