triangle1 0.1772 0.1957 0.1985 0.2060 0.2449 0.2570 0.2648 0.3031 0.3109 0.3201 
square 0.3170 0.3352 0.3504 0.4041 0.4478 0.5647 0.6891 0.8293 0.9039 0.9351 
circle 0.4349 0.5048 0.5687 0.5913 0.8428 1.1275 1.5771 1.5883 2.0397 2.2717 
cross 1.0617 1.3364 1.7493 2.1108 2.1815 2.5143 2.5931 2.6298 2.6587 2.6905 
clover 1.7619 2.1213 2.5212 2.9474 3.0064 3.2544 3.3143 3.4645 3.5765 3.5961 
house 2.9757 3.3401 3.6179 4.8275 4.9470 5.0048 5.3334 6.6329 7.0090 7.3697 
4star 10.1390 10.4377 10.6323 10.7885 11.0471 11.8487 13.1534 13.4154 13.9344 14.1722 
balls 11.3859 12.6827 13.3149 14.4858 15.5915 16.5757 18.7183 18.8921 18.9531 19.7765 
arch 22.8364 23.1529 23.4477 24.0041 24.4246 25.7365 26.0664 26.2912 26.3697 26.6950 
5star 25.7145 27.9218 28.4303 28.7384 28.7913 29.1130 29.4793 29.6922 30.0185 30.4352 
