cherry       cherries      banana        apple       orange       pineapple   watermelon  paprika    pear
-23.278759   -20.615770    -23.510553    -18.431314  -28.28917    -59.722027  -26.617474  -24.967361 -31.412573
-22.769766   -20.417118    -23.780890    -18.593894  -28.19566    -51.655800  -26.897747  -22.625214 -30.583822
-22.668285   -20.242786    -23.163315    -18.139002  -28.12623    -42.210232  -26.057154  -24.950352 -30.319706
-22.545414   -19.270802    -22.957905    -17.957862  -27.54035    -40.846741  -25.826122  -24.162315 -27.974865
-22.098019   -19.287445    -22.958269    -18.224522  -25.69720    -35.544228  -25.734644  -24.418171 -28.000937
-21.685654   -18.628044    -22.919245    -18.147382  -24.57609    -33.564812  -25.164869  -23.817366 -26.790674
-21.685654   -18.422775    -22.860315    -19.336632  -23.93668    -30.124746  -25.105295  -23.427061 -26.611973
-21.256678   -18.440678    -21.794750    -19.127242  -23.76862    -30.035696  -24.900196  -23.923918 -26.611973
-21.198156   -17.550985    -20.962963    -18.823732  -24.20766    -29.000799  -24.081299  -23.539097 -26.234518
-20.386984   -17.972324    -20.423693    -17.915190  -24.29848    -27.061367  -23.516888  -23.483946 -25.401403
-20.179064   -17.589771    -20.112038    -17.385880  -23.99039    -25.785534  -23.092476  -23.067867 -24.767481
-19.541948   -17.372625    -19.311407    -17.119290  -21.88497    -25.549862  -21.847925  -22.254568 -23.734457
-19.231846   -17.078642    -19.095160    -17.003661  -21.52262    -25.053757  -21.951183  -22.205135 -23.844807
-19.216709   -17.093451    -18.783587    -16.880001  -20.71889    -24.519188  -20.301825  -21.074200 -22.532597
-18.977919   -16.919130    -18.668676    -16.704890  -20.54076    -23.557638  -18.981106  -20.524971 -21.432999
-18.921936   -16.695766    -18.512753    -16.784448  -20.20421    -22.838226  -19.282017  -20.525600 -20.177109
-18.868036   -16.659815    -18.322868    -16.503108  -19.38899    -21.847044  -19.231846  -20.293079 -20.130829
-18.856224   -16.611963    -17.376675    -15.612418  -18.89676    -21.363270  -19.127319  -20.407185 -20.502642
-18.734375   -16.485804    -17.363052    -15.604168  -18.32501    -21.763103  -18.995041  -20.264158 -20.619972
-18.171837   -16.490740    -17.402218    -14.981888  -17.87038    -21.463179  -19.109455  -19.923820 -19.068365
-18.022959   -16.153234    -17.133984    -14.935749  -17.60721    -20.357185  -18.590069  -18.352642 -19.001188
-17.912233   -16.185009    -17.184717    -14.868759  -17.50305    -19.623329  -17.970753  -18.026039 -18.517956
-17.590837   -15.966972    -17.145515    -15.056949  -17.04851    -18.788086  -18.117710  -16.992371 -18.549080
-17.413460   -15.849332    -16.980026    -14.984299  -16.87906    -18.959103  -17.416454  -17.196613 -18.525551
-17.375299   -15.891350    -16.652794    -14.772679  -16.83567    -18.395370  -17.395761  -16.863506 -18.303974
-17.416327   -15.866056    -16.713501    -14.780139  -16.81741    -18.247469  -16.739790  -16.796055 -17.795206
-17.387661   -15.826978    -16.487309    -14.276449  -16.17757    -17.832806  -16.256262  -16.828650 -17.756977
-17.668278   -15.641449    -16.438755    -14.273256  -16.13293    -17.686872  -16.110199  -16.100254 -17.273825
-17.481478   -15.493570    -16.328976    -13.790081  -15.83973    -16.611389  -16.446489  -15.993876 -16.971308
-17.205673   -15.416239    -16.151541    -13.483295  -15.74210    -16.241659  -16.173153  -15.756380 -16.830734
-17.123875   -15.336594    -15.977465    -13.014235  -15.38310    -16.689529  -15.196773  -15.531225 -16.675955
-16.976646   -15.260310    -16.063881    -13.022165  -15.44091    -15.941546  -14.978429  -14.764590 -15.792616
-16.904823   -15.395703    -15.600739    -12.644145  -15.16322    -16.033657  -14.912190  -14.644925 -15.741982
-16.811426   -15.284996    -15.592010    -12.423135  -15.01813    -15.616460  -14.674486  -14.702284 -15.777304
-16.727093   -15.287481    -15.315234    -12.449375  -14.89297    -15.291143  -14.638700  -14.681410 -15.498624
-16.665697   -15.203751    -15.386343    -12.243475  -15.05191    -15.023334  -14.612700  -14.552839 -15.304019
-16.626144   -15.072657    -15.194689    -11.955045  -14.75040    -14.896265  -14.281939  -14.555156 -15.176157
-16.523882   -14.955124    -15.070211    -12.148065  -14.41301    -14.731763  -14.174627  -14.102737 -15.057553
-16.436516   -14.859962    -15.115263    -12.152315  -13.84854    -14.524658  -14.253571  -13.608073 -14.992557
-16.421373   -14.851216    -14.841307    -12.141535  -13.57952    -14.387428  -13.841632  -13.664937 -14.727033
-16.201876   -14.846883    -14.915886    -11.838095  -13.34042    -14.485519  -13.710917  -13.914961 -14.601026
-16.092432   -14.780673    -14.669252    -11.639015  -13.55016    -14.220007  -13.739169  -13.629046 -14.570755
-16.025486   -14.779953    -14.378781    -11.545085  -13.32710    -14.077133  -13.678617  -13.596301 -14.489897
-15.691404   -14.727488    -14.371142    -11.340715  -12.92814    -13.985390  -13.332535  -13.206609 -14.469915
-15.552963   -14.724234    -14.337651    -11.137775  -12.83348    -13.795006  -13.340970  -13.176822 -14.304731
-15.406898   -14.547308    -14.256296    -11.045125  -12.82225    -13.630928  -13.323515  -12.990323 -13.929090
-15.323565   -14.458051    -14.019844    -11.017375  -12.42067    -13.474859  -13.335411  -12.764080 -13.590338
-15.302603   -14.423950    -14.008023    -10.724025  -12.23704    -13.230639  -13.259209  -12.446642 -13.501971
-15.302603   -14.374292    -13.996137    -10.630075  -12.35965    -13.118443  -12.802849  -12.229440 -13.146143
-15.219623   -14.333323    -13.999698    -10.588315  -12.19846    -13.090808  -12.671375  -12.206411 -13.146143
-14.969604   -14.142693    -13.919560    -10.537811  -12.11597    -13.037608  -12.647215  -11.826533 -12.805799
-14.931562   -14.162567    -13.697278    -10.565905  -12.06004    -12.968753  -12.219508  -11.844367 -12.689850
-14.950679   -14.071375    -13.797297    -10.368545  -11.92503    -12.925592  -11.829849  -12.067554 -12.738609
-14.872019   -13.974897    -13.778035    -10.459385  -11.97089    -12.759237  -12.184435  -11.902102 -12.596834
-14.728683   -13.895058    -13.762878    -10.394184  -11.69792    -12.808134  -11.970877  -11.843383 -12.602324
-14.670604   -13.844824    -13.626471    -10.310754  -11.64798    -12.637431  -11.961950  -11.785200 -12.144896
-14.640964   -13.845645    -13.525495    -9.8681663  -11.65173    -12.646648  -11.895754  -11.473495 -12.340052
-14.643320   -13.821322    -13.474714    -9.8574500  -11.61206    -12.578258  -11.935015  -11.585157 -12.177323
-14.611056   -13.764633    -13.363690    -9.848974   -11.58799    -12.574416  -11.802360  -11.408140 -12.141932
-14.446695   -13.799675    -13.340805    -9.518476   -11.38847    -12.308725  -11.693650  -11.297953 -12.165342
-14.367849   -13.750877    -13.326427    -9.536838   -11.21525    -12.308725  -11.518733  -11.209392 -11.887362
-14.309766   -13.805815    -13.310806    -9.588809   -11.23790    -12.305436  -11.524304  -11.356025 -11.994606
-14.243752   -13.737534    -13.252230    -9.703588   -11.20754    -12.293870  -11.509399  -11.278962 -11.945238
-14.209375   -13.710035    -13.209346    -9.685575   -11.14705    -12.118774  -11.433457  -11.180892 -11.899205
-14.167302   -13.541000    -13.187597    -9.669572   -11.16063    -12.030104  -11.159072  -11.079655 -11.829963
-14.129300   -13.534871    -13.153681    -9.597514   -11.15257    -11.925935  -11.082883  -10.985796 -11.867591
-14.055446   -13.502431    -13.099042    -9.669435   -11.03260    -11.928295  -11.022861  -11.009938 -11.737054
-14.020386   -13.547455    -13.099042    -9.561344   -10.90490    -11.868727  -11.071003  -10.830909 -11.610574
-14.020360   -13.517761    -13.075124    -9.393942   -10.87028    -11.860363  -11.081472  -10.910008 -11.583508
-13.875193   -13.457494    -13.068051    -9.368378   -10.77310    -11.912870  -11.081472  -10.774954 -11.504252
-13.904951   -13.347171    -13.003601    -9.347824   -10.67207    -11.899771  -11.038341  -10.752864 -11.425164
-13.832182   -13.345886    -12.966904    -9.237191   -10.73033    -11.967708  -11.032377  -10.632668 -11.331558
-13.812601   -13.249678    -12.973112    -9.093543   -10.79305    -11.969141  -10.924779  -10.536252 -11.302839
-13.617037   -13.178711    -12.953778    -8.967859   -10.73436    -11.951802  -10.834424  -10.495636 -11.297461
-13.549471   -13.152143    -12.806356    -8.985693   -10.59312    -11.954763  -10.738394  -10.561903 -11.203510
-13.545374   -13.230189    -12.789715    -8.776087   -10.60086    -11.902879  -10.716812  -10.305730 -11.212623
-13.563016   -13.176956    -12.822184    -8.789949   -10.52280    -11.920685  -10.588183  -10.096071 -10.921047
-13.574419   -13.175031    -12.821024    -8.891981   -10.50141    -11.883609  -10.611181  -10.106623 -10.859201
-13.566612   -13.107988    -12.783439    -8.824568   -10.48078    -11.831461  -10.530421  -9.989517  -10.815103
-13.545705   -13.045316    -12.783439    -8.735491   -10.34341    -11.754352  -10.531631  -9.965611  -10.758399
-13.508734   -13.029040    -12.791820    -8.662355   -10.31866    -11.747887  -10.495358  -9.899692  -10.748861
-13.483702   -13.104551    -12.779943    -8.539752   -10.25080    -11.687983  -10.408429  -9.885924  -10.729506
-13.436261   -13.082747    -12.782946    -8.426795   -10.27892    -11.697103  -10.391767  -9.845247  -10.680388
-13.436261   -13.014704    -12.720835    -8.323816   -10.31994    -11.606508  -10.374848  -9.810624  -10.664085
-13.348042   -12.988907    -12.585112    -8.322290   -10.23989    -11.649443  -10.243618  -9.752096  -10.542045
-13.372333   -13.003717    -12.523957    -8.179537   -10.15549    -11.610480  -10.269978  -9.768998  -10.573764
-13.362750   -13.015445    -12.505972    -8.113379   -10.20060    -11.590757  -10.246848  -9.727678  -10.533916
-13.380369   -12.988792    -12.544740    -8.047225   -10.16490    -11.521582  -10.238562  -9.729596  -10.558645
-13.406848   -12.956018    -12.529913    -8.047225   -10.21290    -11.480938  -10.206983  -9.570432  -10.508242
-13.418483   -12.917348    -12.513372    -8.041097   -10.18974    -11.452701  -10.130619  -9.451907  -10.560778
-13.397214   -12.940877    -12.499846    -7.971412   -10.20168    -11.424693  -10.134258  -9.414573  -10.479437
-13.391276   -12.905413    -12.478008    -7.861478   -10.16418    -11.427592  -10.083097  -9.328920  -10.512419
-13.368263   -12.906687    -12.385182    -7.863547   -9.996887    -11.396647  -10.090937  -9.323875  -10.442739
-13.324534   -12.901678    -12.381254    -7.827029   -9.998975    -11.398860  -10.027259  -9.257057  -10.444418
-13.339920   -12.897055    -12.381254    -7.604454   -9.899631    -11.374150  -9.984612   -9.128420  -10.392219
-13.339391   -12.896408    -12.356753    -7.632343   -9.861400    -11.402202  -9.986914   -9.115065  -10.260118
-13.328502   -12.885739    -12.351217    -7.632171   -9.898742    -11.402202  -9.920790   -9.081597  -10.191959
-13.284927   -12.924952    -12.307924    -7.604431   -9.766344    -11.422798  -9.864035   -9.044044  -10.230391
-13.263002   -12.890059    -12.280025    -7.671087   -9.739965    -11.404758  -9.788098   -9.025061  -10.175436
-13.265073   -12.831316    -12.274593    -7.619104   -9.642335    -11.391064  -9.777368   -9.014989  -10.139617
-13.243617   -12.851702    -12.265541    -7.622138   -9.572040    -11.406544  -9.701378   -8.991983  -10.102285
-13.221731   -12.858025    -12.243658    -7.511880   -9.561712    -11.384963  -9.640175   -8.997345  -10.125466
-13.187162   -12.821506    -12.223822    -7.476985   -9.654372    -11.372339  -9.608205   -8.950956  -10.107988
-13.191277   -12.788931    -12.230815    -7.303884   -9.651881    -11.385561  -9.586093   -8.906812  -9.971574
-13.125438   -12.812782    -12.204958    -7.074164   -9.609083    -11.361243  -9.583822   -8.892660  -10.019030
-13.054860   -12.756280    -12.204958    -7.065112   -9.637650    -11.299780  -9.552495   -8.808710  -10.055433
-13.006833   -12.787482    -12.212116    -7.079705   -9.613421    -11.286016  -9.569951   -8.733023  -10.022036
-13.015912   -12.780145    -12.217874    -6.966889   -9.609881    -11.286016  -9.542681   -8.772419  -9.982775
-13.026050   -12.743925    -12.145688    -6.944856   -9.587912    -11.307137  -9.455103   -8.752262  -9.966124
-12.983096   -12.680593    -12.122918    -6.873202   -9.594904    -11.286077  -9.413279   -8.725254  -9.966124
-12.979741   -12.674809    -12.093174    -6.497336   -9.625857    -11.291288  -9.410326   -8.684328  -9.970973
-12.948805   -12.663075    -12.093424    -6.427155   -9.618479    -11.291288  -9.413682   -8.704841  -9.877083
-12.945387   -12.647616    -12.088339    -6.391451   -9.568254    -11.290870  -9.393759   -8.694758  -9.840218
-12.918948   -12.625684    -12.070254    -6.688777   -9.546756    -11.266386  -9.361540   -8.692251  -9.824408
-12.917723   -12.605268    -12.042128    -6.703326   -9.538754    -11.229052  -9.347789   -8.681238  -9.821054
-12.915377   -12.616953    -12.016816    -6.670464   -9.542982    -11.237260  -9.318620   -8.560124  -9.829103
-12.915996   -12.579103    -12.065008    -6.635640   -9.493654    -11.256174  -9.267723   -8.544569  -9.838993
-12.905077   -12.537796    -12.056246    -6.721700   -9.505348    -11.250843  -9.262255   -8.550854  -9.826898
-12.906700   -12.510870    -12.048557    -6.647590   -9.516307    -11.241335  -9.275742   -8.504549  -9.812311
-12.891902   -12.510870    -12.024503    -6.620363   -9.448313    -11.248392  -9.228952   -8.503659  -9.640683
-12.889030   -12.525446    -11.983492    -6.528234   -9.440014    -11.246263  -9.200991   -8.522867  -9.639542
-12.878134   -12.520123    -11.985505    -6.492944   -9.438792    -11.168722  -9.170504   -8.399889  -9.645445
-12.863337   -12.538342    -11.974195    -6.374557   -9.422050    -11.168137  -9.071463   -8.400655  -9.664661
-12.867129   -12.511447    -11.962692    -6.337805   -9.409334    -11.190336  -9.043978   -8.389713  -9.664486
-12.869272   -12.511447    -11.944052    -6.327866   -9.374918    -11.196258  -9.014088   -8.386699  -9.661264
-12.859217   -12.511447    -11.979053    -6.240357   -9.365995    -11.195141  -9.011702   -8.378057  -9.644455
-12.817726   -12.455043    -11.965799    -6.167518   -9.377934    -11.180192  -9.038555   -8.341242  -9.605035
-12.818692   -12.408686    -11.961400    -6.014733   -9.382181    -11.139853  -9.056770   -8.362142  -9.564527
-12.799074   -12.383490    -11.945808    -5.479833   -9.382181    -11.101309  -9.060386   -8.349623  -9.524617
-12.793032   -12.383490    -11.941904    -5.435823   -9.370478    -11.100785  -9.039698   -8.321382  -9.534162
-12.798379   -12.417341    -11.926677    -5.435756   -9.375669    -11.086355  -9.030673   -8.308761  -9.528674
-12.775015   -12.437336    -11.885968    -5.411588   -9.335399    -11.122486  -9.006937   -8.230577  -9.503538
-12.772528   -12.465410    -11.922689    -5.484558   -9.313148    -11.103885  -8.945765   -8.201978  -9.525415
-12.774826   -12.417728    -11.856131    -5.437865   -9.300214    -11.120932  -8.947454   -8.198036  -9.511665
-12.760198   -12.376015    -11.834286    -5.434318   -9.283625    -11.079000  -8.972709   -8.178392  -9.464250
-12.757296   -12.352121    -11.834286    -5.360124   -9.274547    -11.088546  -8.952489   -8.224327  -9.459326
-12.753980   -12.376291    -11.818067    -5.307053   -9.212944    -11.091235  -8.891687   -8.195904  -9.452841
-12.753790   -12.318112    -11.818067    -5.227387   -9.243506    -11.085474  -8.874410   -8.154353  -9.436565
-12.752442   -12.313818    -11.818067    -5.084138   -9.236255    -11.084227  -8.859542   -8.088645  -9.441753
-12.739125   -12.280857    -11.801796    -5.019723   -9.225340    -11.045721  -8.853481   -8.109647  -9.449200
-12.738283   -12.277090    -11.801646    -5.075433   -9.228399    -11.031902  -8.846965   -8.099047  -9.447954
-12.717223   -12.310575    -11.798759    -5.115624   -9.215034    -11.033031  -8.823471   -8.116754  -9.401901
-12.703682   -12.305408    -11.794807    -5.030442   -9.207441    -11.030895  -8.791469   -8.059089  -9.380484
-12.703682   -12.248972    -11.757803    -4.978361   -9.196414    -11.028245  -8.791029   -8.036330  -9.375628
-12.718029   -12.195260    -11.776738    -5.020026   -9.192896    -11.022455  -8.795822   -8.062170  -9.282853
-12.724764   -12.176055    -11.764051    -4.990698   -9.181376    -11.005990  -8.742256   -8.059107  -9.287449
-12.702175   -12.162695    -11.722627    -4.961673   -9.172380    -10.996171  -8.736300   -8.018364  -9.256366
-12.702175   -12.197224    -11.685302    -4.825351   -9.195064    -10.979906  -8.740370   -7.990902  -9.257315
-12.702638   -12.164400    -11.683825    -4.828575   -9.177317    -10.936612  -8.727210   -7.994849  -9.252863
-12.679935   -12.161136    -11.686289    -4.456280   -9.188546    -10.902225  -8.700251   -7.974483  -9.248953
-12.674666   -12.134333    -11.673993    -4.455228   -9.185999    -10.910360  -8.683810   -7.968989  -9.208567
-12.662841   -12.159236    -11.664708    -4.571890   -9.179124    -10.907088  -8.639824   -7.961286  -9.210360
-12.661175   -12.131718    -11.666585    -4.545551   -9.149211    -10.906206  -8.673536   -7.926007  -9.214609
-12.654925   -12.123507    -11.672224    -4.523436   -9.127447    -10.879829  -8.648583   -7.926363  -9.209002
-12.663685   -12.108862    -11.654211    -4.463360   -9.128514    -10.918859  -8.698852   -7.900923  -9.204624
-12.656746   -12.108862    -11.642756    -4.333855   -9.135584    -10.914733  -8.643435   -7.853561  -9.158476
-12.652480   -12.114100    -11.619776    -4.373232   -9.106613    -10.924521  -8.631269   -7.828364  -9.144579
-12.656851   -12.103499    -11.604322    -4.363382   -9.070715    -10.921896  -8.586724   -7.821893  -9.153177
-12.647635   -12.103764    -11.604297    -4.296483   -9.076925    -10.906551  -8.585186   -7.815149  -9.129474
-12.647059   -12.102496    -11.588887    -4.249974   -9.080756    -10.921146  -8.588562   -7.775881  -9.092966
-12.644297   -12.093750    -11.599706    -4.123800   -9.074972    -10.923751  -8.561788   -7.747120  -9.066891
-12.640820   -12.103926    -11.568110    -4.099328   -9.071548    -10.912694  -8.564507   -7.740795  -9.064652
-12.640574   -12.097799    -11.569492    -4.082246   -9.067179    -10.918041  -8.555937   -7.739816  -9.060915
-12.638522   -12.121614    -11.550116    -3.955978   -9.047146    -10.886001  -8.541542   -7.749060  -9.037416
-12.624231   -12.101335    -11.531146    -3.928315   -9.025849    -10.893307  -8.543709   -7.728890  -9.035957
-12.614504   -12.102542    -11.485535    -3.847861   -9.028571    -10.895925  -8.527880   -7.726343  -9.035957
-12.614221   -12.101599    -11.482051    -3.857562   -9.020048    -10.890517  -8.498060   -7.710077  -9.042562
-12.613613   -12.080096    -11.470696    -3.805601   -9.015291    -10.894629  -8.462163   -7.689072  -9.030212
-12.608850   -12.078344    -11.423959    -3.768932   -9.007747    -10.899073  -8.462163   -7.689072  -9.002649
-12.602076   -12.073122    -11.416328    -3.680969   -8.981657    -10.880336  -8.489096   -7.691533  -9.014922
-12.609422   -12.073099    -11.402872    -3.689367   -8.988569    -10.868713  -8.530485   -7.697119  -9.027934
-12.606367   -12.090283    -11.411695    -3.686497   -9.014705    -10.868210  -8.511992   -7.691885  -9.001140
-12.602726   -12.062897    -11.405185    -3.682610   -9.038412    -10.876757  -8.476537   -7.693025  -8.995745
-12.591082   -12.072794    -11.406680    -3.678493   -9.005144    -10.900024  -8.493103   -7.693934  -8.998756
-12.589664   -12.054327    -11.395700    -3.693800   -9.003495    -10.872679  -8.463865   -7.685356  -8.996675
-12.576948   -12.060010    -11.400765    -3.715451   -9.000729    -10.877856  -8.458669   -7.668708  -8.944742
-12.573340   -12.074096    -11.396351    -3.705622   -9.001219    -10.879984  -8.456965   -7.663004  -8.941282
-12.569281   -12.017715    -11.386458    -3.682746   -9.006845    -10.864772  -8.428332   -7.662315  -8.937737
-12.568327   -12.002848    -11.394396    -3.636399   -8.995241    -10.853537  -8.417050   -7.647214  -8.900233
-12.565456   -11.997033    -11.391223    -3.656915   -8.988096    -10.864781  -8.394579   -7.648645  -8.901372
-12.565456   -11.984504    -11.373569    -3.624315   -8.964084    -10.858168  -8.409574   -7.642244  -8.900640
-12.565456   -11.962989    -11.375141    -3.617410   -8.959119    -10.838380  -8.403443   -7.642162  -8.849043
-12.565456   -11.927594    -11.354863    -3.605819   -8.962240    -10.836237  -8.406465   -7.634443  -8.866317
-12.559226   -11.920813    -11.348390    -3.608096   -8.977453    -10.829893  -8.401768   -7.633504  -8.865174
-12.569723   -11.920900    -11.335500    -3.543953   -8.967298    -10.809393  -8.395502   -7.641380  -8.866385
-12.569198   -11.910775    -11.336429    -3.546162   -8.960750    -10.817454  -8.394135   -7.630353  -8.869213
-12.568281   -11.909037    -11.336429    -3.546122   -8.959860    -10.819007  -8.394863   -7.621021  -8.865587
-12.566236   -11.932755    -11.332820    -3.512874   -8.959403    -10.810499  -8.392397   -7.608904  -8.871405
-12.569494   -11.917030    -11.331685    -3.516539   -8.955767    -10.814760  -8.385711   -7.601584  -8.863439
-12.563489   -11.934458    -11.322604    -3.491616   -8.943365    -10.806992  -8.376417   -7.623998  -8.834146
-12.548605   -11.947753    -11.341806    -3.467930   -8.948397    -10.804256  -8.377518   -7.605640  -8.838160
-12.539998   -11.946088    -11.346442    -3.449987   -8.939852    -10.811255  -8.358267   -7.602870  -8.835016
-12.538554   -11.951948    -11.340631    -3.471746   -8.933489    -10.806791  -8.324231   -7.601626  -8.827238
-12.524347   -11.952461    -11.337877    -3.455673   -8.930072    -10.810324  -8.317022   -7.597442  -8.827145
-12.524347   -11.938713    -11.340704    -3.407246   -8.950285    -10.808222  -8.321162   -7.585214  -8.810160
-12.523749   -11.934087    -11.339403    -3.379009   -8.938512    -10.808222  -8.309477   -7.578544  -8.801817
-12.528328   -11.929006    -11.335965    -3.380613   -8.944451    -10.813516  -8.295990   -7.585486  -8.798678
-12.519367   -11.878115    -11.335965    -3.357859   -8.915924    -10.806968  -8.285322   -7.583991  -8.795289
-12.519367   -11.848251    -11.326941    -3.359418   -8.915586    -10.782904  -8.281041   -7.533041  -8.796270
-12.529077   -11.851324    -11.318718    -3.346009   -8.903793    -10.772579  -8.273495   -7.536118  -8.796270