pop50        pop100        pop200      pop300       pop400         pop500
-57.501575   -47.096786    -41.601692  -32.821358   -34.7905960  -38.227520
-56.837074   -44.404121    -41.266323  -32.076454   -34.2454300  -36.905174
-54.234428   -46.403347    -41.675846  -32.142651   -31.6896150  -33.094910
-53.862774   -44.749100    -41.675846  -30.201014   -31.6158330  -32.610981
-54.703197   -44.528828    -39.583439  -30.192059   -30.1987190  -32.045784
-57.312233   -43.685036    -39.815712  -30.881763   -29.3186990  -33.494057
-55.613514   -43.198341    -39.613621  -30.721136   -29.3920948  -32.758507
-53.815418   -43.104454    -39.191341  -30.354259   -29.0411268  -31.436527
-52.748451   -42.695732    -39.109489  -28.226419   -29.0038958  -31.675150
-53.675636   -42.966534    -37.838215  -30.666340   -30.5651591  -31.411060
-49.509922   -40.942200    -37.248165  -30.212250   -29.1478771  -31.085623
-48.471165   -40.884655    -36.535343  -30.131092   -29.2607271  -30.900183
-46.815674   -39.998619    -35.021797  -29.250885   -28.0769001  -29.687674
-46.945843   -39.600819    -35.181343  -29.381872   -27.0750471  -28.755838
-45.613914   -39.155365    -34.816284  -27.743668   -26.6827451  -28.487513
-45.543236   -38.419277    -33.682743  -26.973566   -26.3840227  -27.718027
-42.871605   -36.774929    -32.488762  -27.605051   -26.0234937  -27.086025
-41.329460   -35.032806    -31.311346  -28.344532   -25.2440247  -25.495470
-41.112492   -34.323135    -28.829128  -27.183559   -25.0423767  -25.461033
-40.378216   -33.633553    -28.934978  -27.173040   -24.8327527  -25.270977
-39.979664   -33.579739    -28.595837  -26.565159   -24.8261037  -24.199429
-38.806580   -33.018738    -28.552999  -25.237844   -23.7541437  -23.642614
-38.595573   -33.181725    -27.890106  -24.591452   -23.6286057  -23.603125
-39.332310   -33.299007    -27.060446  -24.865849   -23.9772857  -23.802502
-39.122532   -33.409618    -26.117771  -23.446512   -23.4623157  -23.321217
-38.536705   -32.512337    -26.155722  -22.859173   -23.0149334  -23.406673
-37.323498   -32.218105    -26.042089  -22.978937   -22.1094176  -23.167065
-36.687878   -31.467442    -25.704975  -22.375250   -22.5770024  -22.625408
-36.301167   -31.549351    -26.594269  -21.898849   -21.6475524  -21.726759
-35.336426   -31.101721    -25.907703  -21.803808   -21.8063479  -21.627888
-36.032368   -30.981192    -25.707373  -21.803808   -21.8063479  -20.172543
-35.328465   -29.451237    -25.342463  -21.364300   -20.7981227  -20.603230
-34.826412   -29.504044    -24.348591  -21.354473   -20.3035817  -20.188335
-34.267651   -28.367441    -24.090023  -21.306728   -19.9558627  -20.876541
-33.373260   -27.603003    -25.206371  -21.088833   -18.2791657  -19.123867
-31.398266   -27.457418    -24.380468  -20.935326   -18.6950769  -18.113949
-31.372309   -27.503391    -24.105045  -20.243790   -18.6852829  -17.599081
-31.772488   -26.979675    -23.637051  -19.956482   -18.7162289  -17.592854
-30.526829   -26.974636    -22.562754  -19.520313   -18.2887559  -16.887852
-30.429493   -26.540155    -22.689110  -19.181044   -18.0625043  -16.551191
-30.381184   -26.573145    -21.641703  -18.784719   -17.8022313  -17.130514
-29.836658   -26.004023    -22.195616  -18.775356   -17.7973064  -16.783756
-29.564037   -25.978451    -22.079393  -18.263899   -17.9149864  -16.655300
-27.894909   -25.442951    -21.744986  -17.858776   -17.7214891  -16.832928
-27.849865   -25.448400    -20.960068  -17.794323   -17.9051691  -16.700527
-27.698307   -24.786840    -20.987722  -16.710030   -17.7864481  -16.259792
-27.074657   -24.421206    -21.463413  -17.017086   -17.5490461  -16.142160
-27.062550   -23.595367    -21.548092  -16.856339   -17.4630151  -16.167072
-26.541504   -23.187290    -21.401407  -16.480839   -16.3893781  -15.825325
-26.378368   -23.226061    -20.236736  -16.232361   -16.4575251  -15.444983
-26.104849   -22.633875    -20.141878  -16.284927   -16.0209081  -14.997824
-25.826803   -22.539806    -20.099628  -16.588642   -16.0388531  -14.687410
-25.445978   -22.617474    -19.737806  -16.235247   -16.0159851  -14.227791
-25.247349   -22.390184    -19.598532  -14.980120   -15.8384481  -13.935694
-25.204554   -22.332413    -19.434790  -15.014727   -15.0372901  -13.799498
-24.663950   -22.296232    -19.011185  -15.131709   -15.0161290  -13.459516
-23.578501   -22.205967    -18.863674  -14.839926   -14.9243490  -13.722841
-23.449110   -21.804802    -18.545399  -14.811777   -14.3218517  -13.269864
-23.377476   -21.805073    -18.889549  -14.293146   -15.0748465  -13.306101
-23.842611   -21.938522    -18.646965  -14.137436   -14.9649935  -13.116794
-23.923874   -21.854582    -18.416271  -14.075017   -14.4829352  -13.269415
-23.676104   -21.440620    -18.272858  -13.745418   -14.5771925  -13.199659
-23.601627   -21.425911    -18.294245  -13.295845   -14.0377094  -12.850595
-23.332600   -21.211420    -17.704088  -13.645808   -14.1250564  -12.645379
-23.233788   -21.093090    -17.384073  -12.944239   -14.1147145  -12.589485
-22.899668   -20.419693    -16.746445  -13.225266   -13.6618475  -12.356043
-22.884409   -20.113941    -16.420572  -13.293302   -13.5372515  -12.128603
-22.157482   -20.075062    -16.112873  -12.917793   -13.0155415  -11.776147
-22.100227   -19.581656    -15.956732  -12.705648   -12.9178190  -11.427664
-21.822830   -18.943933    -15.939461  -12.497274   -12.5709720  -11.427664
-21.362200   -18.810547    -16.144814  -12.412354   -12.5460680  -11.466097
-21.258369   -18.603769    -15.069301  -12.426003   -12.6751520  -11.329191
-21.665869   -18.302641    -15.181804  -11.940583   -12.4850270  -11.273900
-21.715527   -18.222559    -15.036418  -11.847112   -12.0682200  -10.885884
-21.450882   -18.200567    -14.269012  -11.723463   -11.9784760  -10.820074
-21.320229   -18.066166    -14.166815  -11.723521   -12.0616760  -10.702709
-20.504082   -17.949322    -14.178057  -11.581303   -11.9002550  -10.728288
-20.478918   -18.174173    -14.078079  -11.580260   -11.6624760  -10.810282
-20.351366   -18.336748    -13.794980  -11.482278   -11.4612040  -10.473055
-20.294043   -17.990259    -13.812159  -11.393576   -11.4410467  -10.408164
-20.157545   -17.491573    -13.641376  -11.311575   -11.3320547  -10.308092
-19.927536   -17.643974    -13.607340  -11.303517   -11.1482647  -10.320280
-19.629726   -17.417797    -13.383904  -11.171000   -10.9127997  -10.320280
-19.509182   -17.401888    -13.261670  -11.105168   -10.8502957  -10.226934
-19.607218   -17.140850    -13.217665  -11.104372   -10.9315217  -9.927851
-19.582527   -17.403561    -12.914557  -11.006099   -11.1073067  -9.814288
-19.540651   -17.028500    -12.569053  -10.997528   -10.8637837  -9.814288
-19.430948   -17.054096    -12.724169  -10.879484   -10.8673343  -9.822128
-19.407177   -17.030987    -12.746387  -10.810143   -10.8731771  -9.793677
-19.178535   -17.145660    -12.827951  -10.834555   -10.5323081  -9.793677
-18.856550   -17.050388    -12.651980  -10.772844   -10.1150971  -9.642764
-18.354496   -16.983963    -12.387466  -10.674285   -9.9700781   -9.528013
-17.868835   -16.772001    -12.327757  -10.555681   -10.1945441  -9.376753
-17.861662   -16.582325    -12.162387  -10.476307   -10.0093731  -9.395726
-17.932663   -16.112329    -11.929368  -10.322625   -10.0927311  -9.174542
-17.983576   -16.102787    -11.749933  -10.314926   -10.2358002  -9.148848
-17.977869   -16.442749    -11.536237  -10.074524   -10.2752632  -9.148229
-17.864195   -16.226624    -11.415195  -9.963947    -10.151291   -9.085088
-17.593843   -15.934110    -11.220354  -9.846307    -10.218353   -8.881281
-17.383482   -15.373421    -11.317091  -9.533358    -10.217749   -8.877017
-17.637142   -15.090159    -11.287474  -9.572172    -10.065771   -8.858325
-17.413181   -15.480043    -11.287474  -9.538446    -9.714345    -8.803375
-17.221363   -15.432796    -11.160208  -9.650182    -9.664673    -8.407001
-17.098913   -15.331907    -10.963233  -9.574881    -9.568398    -8.411947
-17.069872   -14.823611    -10.709654  -9.566398    -9.505750    -8.615211
-16.987827   -14.823611    -10.751308  -9.504961    -9.461531    -8.576285
-16.540524   -14.815012    -10.824183  -9.439662    -9.313360    -8.507410
-16.481400   -14.873674    -10.889895  -9.357580    -9.457170    -8.443727
-16.457983   -14.462700    -10.778276  -9.313184    -9.397505    -8.323120
-16.475716   -14.447214    -10.799932  -9.324831    -9.357788    -8.305493
-16.572054   -14.612421    -10.727839  -8.993152    -9.443338    -8.286226
-16.549465   -14.605164    -10.556554  -9.007177    -9.380311    -8.159304
-16.127995   -14.711477    -10.525610  -8.949981    -9.359911    -8.118567
-16.119604   -14.546445    -10.514050  -8.936140    -9.179254    -8.106894
-15.983412   -14.726506    -10.374070  -8.948606    -9.081083    -8.240072
-15.846240   -14.680193    -9.560869   -8.939863    -8.855464    -8.178717
-15.571604   -14.679083    -9.652868   -8.800295    -8.826509    -8.288833
-15.425008   -14.668292    -9.422413   -8.849857    -8.835724    -8.231026
-15.329773   -14.354952    -9.439937   -8.783064    -8.855213    -8.214281
-15.314493   -14.346809    -9.340290   -8.707893    -8.831308    -8.196182
-15.133821   -14.179178    -9.356344   -8.707628    -8.913478    -8.205706
-15.094362   -14.102163    -9.360095   -8.634141    -8.919533    -8.204923
-14.777954   -13.874849    -9.257668   -8.593315    -8.899994    -8.278872
-14.742224   -13.769445    -9.231644   -8.562941    -8.798903    -8.294664
-14.714043   -13.732516    -9.178512   -8.507158    -8.767008    -8.294664
-14.705770   -13.668056    -9.173558   -8.491584    -8.777369    -8.233338
-14.707820   -13.673961    -9.011827   -8.460519    -8.736586    -8.262714
-14.689697   -13.495358    -8.943764   -8.429536    -8.746473    -8.171601
-14.688452   -13.538651    -8.979550   -8.286823    -8.716954    -8.033625
-14.678154   -13.356562    -8.964220   -8.283678    -8.622281    -8.037577
-14.673685   -13.278870    -8.903189   -8.339038    -8.579993    -7.967092
-14.630775   -13.079030    -8.819880   -8.356917    -8.558319    -7.944598
-14.214976   -13.174558    -8.791700   -8.290920    -8.536409    -7.995224
-14.214976   -13.085999    -8.817484   -8.123281    -8.546964    -7.827582
-14.212543   -13.043884    -8.753165   -8.125490    -8.546356    -7.810584
-14.242043   -13.034281    -8.717840   -8.149054    -8.549759    -7.829902
-14.089778   -13.135739    -8.873476   -8.125810    -8.569599    -7.736262
-14.045476   -13.047073    -8.865296   -8.124994    -8.402258    -7.731248
-14.029955   -12.914411    -8.856806   -8.158409    -8.446479    -7.726745
-14.029955   -12.922153    -8.694723   -8.113457    -8.440870    -7.657429
-14.012830   -12.858009    -8.715746   -8.056669    -8.252359    -7.732467
-13.968576   -12.733292    -8.684744   -8.045190    -8.257582    -7.783216
-13.992978   -12.627041    -8.640010   -8.023208    -8.358785    -7.733781
-14.053497   -12.534675    -8.532045   -7.961042    -8.330329    -7.753623
-14.012813   -12.492624    -8.567785   -7.961216    -8.316499    -7.595481
-13.972325   -12.406255    -8.557656   -7.936234    -8.267742    -7.583213
-13.948652   -12.471954    -8.552164   -7.901305    -8.314857    -7.599332
-13.784288   -12.366250    -8.529309   -7.845204    -8.298368    -7.633283
-13.675779   -12.379745    -8.515420   -7.758289    -8.288087    -7.645267
-13.659963   -12.262379    -8.471011   -7.744410    -8.279731    -7.607023
-13.643501   -12.246714    -8.430371   -7.747365    -8.219399    -7.478273
-13.618457   -12.169443    -8.402339   -7.757736    -8.187738    -7.428309
-13.464722   -11.909391    -8.377455   -7.747563    -8.156138    -7.357839
-13.451900   -11.900332    -8.360471   -7.706279    -8.146265    -7.424384
-13.424110   -11.964883    -8.345958   -7.713492    -8.137503    -7.418316
-13.411386   -12.103499    -8.326686   -7.696805    -8.158107    -7.331122
-13.294354   -12.064691    -8.346781   -7.677643    -8.036852    -7.383460
-13.222165   -11.921520    -8.384353   -7.664786    -8.037737    -7.436667
-13.330945   -11.840010    -8.345095   -7.657802    -8.067523    -7.331452
-13.332682   -11.814883    -8.257257   -7.643803    -8.072392    -7.306582
-13.213968   -11.770866    -8.248449   -7.633649    -8.028837    -7.291354
-13.290019   -11.740672    -8.201313   -7.591558    -7.936461    -7.242377
-13.271433   -11.712567    -8.317948   -7.615732    -7.927456    -7.240207
-13.327291   -11.677361    -8.364402   -7.580448    -7.902522    -7.177360
-13.189984   -11.671400    -8.357572   -7.510866    -7.926669    -7.228242
-13.188341   -11.650339    -8.346813   -7.499702    -7.922924    -7.116261
-13.122002   -11.650339    -8.337854   -7.490472    -7.920321    -7.106973
-13.157211   -11.592299    -8.278628   -7.471461    -7.946098    -7.101693
-13.095795   -11.545081    -8.218107   -7.492699    -7.975445    -7.097894
-13.116606   -11.551264    -8.218107   -7.421079    -7.977759    -7.086001
-13.107897   -11.480618    -8.221891   -7.410137    -7.972948    -7.072768
-12.849520   -11.470903    -8.199307   -7.430673    -7.935240    -7.062146
-12.848216   -11.524247    -8.133052   -7.430305    -7.860364    -7.006289
-12.841708   -11.575346    -8.107442   -7.373024    -7.780952    -7.101852
-12.767893   -11.535839    -8.112286   -7.357917    -7.731183    -7.101852
-12.912500   -11.562498    -8.091272   -7.354053    -7.665927    -7.084399
-12.881581   -11.539559    -7.971624   -7.324914    -7.623587    -7.183554
-12.896194   -11.460485    -7.971876   -7.323247    -7.654073    -7.183554
-12.928594   -11.397336    -7.932143   -7.309918    -7.616106    -7.193803
-12.903231   -11.293264    -7.886041   -7.309918    -7.551594    -7.189700
-12.812086   -11.240542    -7.886458   -7.259388    -7.546465    -7.134175
-12.547902   -11.206141    -7.984719   -7.247858    -7.532659    -7.111955
-12.539806   -11.182124    -7.977731   -7.247475    -7.532659    -7.118639
-12.582760   -11.130147    -7.968879   -7.241413    -7.519372    -7.054831
-12.571160   -11.027675    -7.957011   -7.259962    -7.507238    -7.046854
-12.539069   -11.003197    -7.943555   -7.250431    -7.568401    -7.053857
-12.464040   -10.998777    -7.922141   -7.239370    -7.470263    -7.022740
-12.487268   -10.979155    -7.931746   -7.233758    -7.470263    -7.025435
-12.505752   -11.021004    -7.834407   -7.207416    -7.471001    -7.006957
-12.513342   -11.125057    -7.866084   -7.207707    -7.465458    -7.005322
-12.501308   -11.124635    -7.848218   -7.230414    -7.468987    -7.000911
-12.487816   -11.107096    -7.874197   -7.233196    -7.462148    -7.025815
-12.479445   -11.060968    -7.850096   -7.204040    -7.462148    -7.045625
-12.482621   -11.070827    -7.814135   -7.171734    -7.374526    -7.001130
-12.467452   -11.013883    -7.798448   -7.171403    -7.384537    -7.011983
-12.408440   -11.042147    -7.793279   -7.171143    -7.319680    -7.012797
-12.393986   -11.021723    -7.839059   -7.172726    -7.325326    -6.962138
-12.390516   -10.808641    -7.766960   -7.174982    -7.297822    -6.984144
-12.375518   -10.812523    -7.739845   -7.157418    -7.285861    -6.899810
-12.368628   -10.810034    -7.713727   -7.154020    -7.290215    -6.894847