sr40        sr50         sr60         sr70         sr80         sr90       
-36.242401 -39.538975   -37.839996   -39.080242   -36.926193   -32.989956 
-34.255447 -36.450157   -35.060101   -39.402824   -36.217190   -33.695885 
-30.617420 -34.910851   -34.863400   -37.253925   -35.301773   -33.761223 
-26.322643 -32.346027   -34.732342   -35.113190   -35.005753   -33.980621 
-24.501448 -30.997766   -32.978111   -34.438957   -32.707378   -33.980621 
-22.043173 -28.315241   -31.334778   -30.691494   -31.493465   -33.024109 
-19.906137 -26.786602   -30.150351   -30.233997   -31.493465   -33.877007 
-17.412670 -24.253712   -28.315327   -30.201477   -31.029240   -34.082058 
-16.435055 -23.559906   -25.767651   -28.341370   -29.971928   -34.690651 
-15.714696 -21.807812   -24.149618   -27.957682   -29.240860   -34.784386 
-14.295919 -20.783554   -23.531391   -27.876934   -27.870777   -33.824257 
-13.555084 -20.311792   -22.574657   -27.774036   -27.315472   -34.674477 
-13.182844 -18.828976   -21.217936   -26.332661   -26.964148   -34.139534 
-12.581526 -18.168362   -20.143888   -24.967258   -26.853598   -32.993816 
-12.247565 -17.335045   -18.767872   -24.181734   -26.379059   -33.288307 
-11.737517 -16.939325   -17.891788   -22.212049   -25.624252   -33.288307 
-10.835933 -15.602521   -17.758070   -22.419231   -26.508566   -33.243958 
-10.397227 -15.578532   -17.251219   -21.722349   -26.629627   -33.303116 
-10.153217 -14.606229   -15.967130   -21.528948   -26.525766   -32.594322 
-9.991129 -13.390635   -15.419772   -21.356628   -26.189905   -33.714863 
-9.589422 -12.705600   -15.368263   -21.035175   -26.020496   -32.727791 
-9.129782 -12.591032   -14.863472   -20.504272   -25.725521   -31.682892 
-9.069448 -12.265656   -14.472339   -19.693928   -25.041161   -31.641590 
-8.769857 -12.029980   -13.936251   -18.037077   -24.106604   -31.483789 
-8.561331 -11.613238   -13.571881   -18.031126   -24.633579   -31.253748 
-8.360457 -11.385281   -13.147204   -17.768850   -23.960423   -32.265594 
-8.308777 -11.153501   -12.613647   -17.682808   -24.016216   -31.742443 
-8.028077 -10.882608   -12.680948   -17.548498   -23.436644   -33.126194 
-7.984537 -10.744587   -12.271372   -16.889303   -23.007137   -33.389927 
-7.940445 -10.469193   -11.999853   -16.798338   -21.367987   -32.939610 
-7.819666 -10.270235   -11.908718   -16.900288   -21.384945   -32.939610 
-7.772048  -9.898005   -11.439567   -15.968161   -21.182819   -34.309536 
-7.671723  -9.649923   -11.311779   -15.421527   -20.862740   -34.265324 
-7.568099  -9.391095   -11.188991   -15.038851   -20.667500   -34.147427 
-7.549229  -9.331158   -10.954954   -14.925959   -20.736776   -34.052341 
-7.442426  -9.128989   -10.840271   -14.868736   -20.729784   -34.338428 
-7.430233  -9.070745   -10.596065   -14.841475   -20.174501   -33.205971 
-7.399844  -8.968857   -10.503284   -14.536623   -19.999069   -32.427650 
-7.371459  -8.937099   -10.230229   -13.856671   -19.236851   -32.165771 
-7.337272  -8.839976   -10.102440   -13.328609   -18.361395   -31.738810 
-7.309461  -8.812095    -9.884772   -12.786904   -18.347162   -31.730534 
-7.262057  -8.740890    -9.573202   -12.464941   -18.089912   -31.540668 
-7.224015  -8.649221    -9.541748   -12.507363   -17.075771   -31.047928 
-7.193268  -8.345704    -9.446207   -12.451295   -16.760757   -30.834589 
-7.185084  -8.143963    -9.416948   -12.298304   -16.268753   -28.768925 
-7.179255  -8.074362    -9.276091   -12.066595   -15.992514   -28.635260 
-7.170757  -8.059418    -8.979945   -11.892406   -15.975264   -29.329498 
-7.164320  -7.791267    -8.806040   -11.937508   -15.763342   -29.360943 
-7.148904  -7.767605    -8.745413   -11.635258   -15.794698   -28.391193 
-7.135863  -7.743865    -8.645195   -11.100333   -15.171153   -28.426449 
-7.126817  -7.727957    -8.587934   -10.869040   -14.651608   -28.111572 
-7.114632  -7.665558    -8.474825   -11.002583   -14.649752   -25.440857 
-7.110993  -7.639806    -8.453138   -10.991365   -14.654436   -25.529989 
-7.107334  -7.567484    -8.240758   -10.806110   -14.838709   -25.364491 
-7.078641  -7.560368    -8.266300   -10.906683   -14.585475   -25.449894 
-7.075363  -7.551404    -8.230461   -10.801744   -14.937500   -25.880962 
-7.076057  -7.485976    -8.087866   -10.720250   -14.941849   -25.717081 
-7.067136  -7.422118    -8.090088   -10.444018   -14.743036   -25.712687 
-7.066015  -7.385761    -7.994854   -10.148836   -14.129331   -25.411739 
-7.063442  -7.373971    -7.941694   -10.082056   -14.062085   -25.983765 
-7.054793  -7.361237    -7.869608   -10.012938   -13.736433   -25.536615 
-7.050213  -7.360379    -7.824820    -9.987830   -13.287892   -25.480650 
-7.041833  -7.345888    -7.706030    -9.802891   -13.304192   -25.480650 
-7.041701  -7.311278    -7.692873    -9.718843   -12.948423   -25.059366 
-7.040392  -7.292791    -7.692724    -9.713943   -13.096766   -24.172142 
-7.037717  -7.273203    -7.661351    -9.392942   -12.648548   -23.952482 
-7.037241  -7.263570    -7.624808    -9.405595   -12.611621   -23.420372 
-7.036197  -7.265014    -7.569756    -9.208323   -12.421381   -23.424074 
-7.030859  -7.220611    -7.475039    -9.086731   -12.253991   -23.776791 
-7.027353  -7.215537    -7.473858    -9.079978   -12.468195   -24.158588 
-7.026361  -7.203286    -7.456752    -9.026068   -12.404041   -23.972784 
-7.025147  -7.196330    -7.455701    -9.118570   -12.336824   -25.104660 
-7.025147  -7.188525    -7.432418    -9.014235   -11.948594   -24.895153 
-7.024204  -7.183013    -7.417368    -8.955556   -11.852660   -24.895153 
-7.014346  -7.179382    -7.398796    -8.834870   -11.891729   -25.090284 
-7.012739  -7.170310    -7.384454    -8.820049   -11.821695   -23.817947 
-7.011706  -7.167353    -7.369936    -8.816602   -11.470910   -23.990866 
-7.011706  -7.161405    -7.372812    -8.711276   -11.255185   -23.318050 
-7.011706  -7.151765    -7.348145    -8.665600   -11.008284   -23.253086 
-7.011706  -7.140170    -7.313912    -8.577409   -10.740679   -23.013653 
-7.011706  -7.131411    -7.280743    -8.378360   -10.633265   -22.779587 
-7.011706  -7.129755    -7.268664    -8.328382   -11.094503   -22.328726 
-7.010878  -7.129755    -7.260409    -8.279408   -10.936470   -23.399601 
-7.010675  -7.125495    -7.237550    -8.264391   -10.793642   -23.451868 
-7.010675  -7.121218    -7.236314    -8.224871   -10.663429   -23.369055 
-7.008460  -7.120774    -7.221033    -8.068714   -10.615740   -23.422436 
-7.008460  -7.117062    -7.217345    -8.144055   -10.442914   -23.783901 
-7.008460  -7.116659    -7.213468    -8.135338   -10.310952   -24.689854 
-7.008460  -7.110334    -7.186509    -8.105175   -10.170109   -24.141121 
-7.008460  -7.109754    -7.180827    -8.008284   -10.106996   -24.047569 
-7.008460  -7.108994    -7.168351    -7.902987   -10.298788   -24.047569 
-7.008460  -7.107806    -7.165665    -7.879735   -10.345591   -23.717220 
-7.008460  -7.106126    -7.172727    -7.815072   -10.200395   -24.054249 
-7.008460  -7.102761    -7.165560    -7.781645   -10.193173   -23.941267 
-7.008460  -7.103575    -7.150645    -7.791518    -9.903271   -23.895113 
-7.006898  -7.101185    -7.142045    -7.788526    -9.832750   -23.614666 
-6.999995  -7.100680    -7.137442    -7.764631    -9.653066   -23.549595 
-6.999953  -7.099728    -7.131635    -7.737881    -9.491669   -22.957554 
-6.999022  -7.095259    -7.127071    -7.706223    -9.410809   -23.549595 
-6.998724  -7.095259    -7.122907    -7.633462    -9.366961   -23.341993 
-6.997663  -7.093644    -7.122582    -7.610694    -9.375486   -22.765966 
-6.997504  -7.089258    -7.116846    -7.482014    -9.307859   -22.854698 
-6.995118  -7.088661    -7.116052    -7.482014    -9.307859   -23.134109 
-6.995118  -7.086793    -7.116052    -7.463171    -9.357900   -22.032322 
-6.994734  -7.086793    -7.113281    -7.458122    -9.290677   -21.827023 
-6.994212  -7.086141    -7.113425    -7.437970    -9.223563   -20.739626 
-6.990794  -7.085340    -7.112312    -7.380047    -9.067657   -21.409039 
-6.990794  -7.083682    -7.108957    -7.345300    -9.078355   -21.409039 
-6.990794  -7.083488    -7.108957    -7.294688    -9.008014   -22.488741 
-6.989457  -7.083256    -7.108964    -7.292756    -8.977711   -22.595509 
-6.987426  -7.083256    -7.108123    -7.234758    -8.904314   -22.584551 
-6.984675  -7.083063    -7.108070    -7.205796    -8.975972   -22.426365 
-6.983895  -7.082141    -7.105335    -7.191352    -8.993680   -22.336451 
-6.981580  -7.081197    -7.100587    -7.256905    -8.986511   -22.336451 
-6.979954  -7.081159    -7.099296    -7.176967    -8.926350   -21.438633 
-6.979954  -7.081217    -7.097243    -7.070203    -8.878466   -21.368963 
-6.979954  -7.080591    -7.090851    -7.066897    -8.878466   -21.096628 
-6.979954  -7.080591    -7.091331    -7.056845    -8.875797   -21.550396 
-6.977458  -7.079665    -7.090411    -7.053280    -8.774817   -21.808914 
-6.977458  -7.079454    -7.084728    -7.021421    -8.797668   -22.040848 
-6.977458  -7.078103    -7.082742    -7.003171    -8.801437   -21.834116 
-6.977458  -7.077620    -7.081249    -7.002120    -8.806161   -21.560678 
-6.976512  -7.077620    -7.079986    -6.990479    -8.758051   -21.513880 
-6.976512  -7.077505    -7.079767    -7.008816    -8.664006   -21.586359 
-6.976512  -7.075883    -7.080655    -6.976089    -8.663594   -20.978205 
-6.976512  -7.075883    -7.078186    -6.963219    -8.524918   -21.118134 
-6.976312  -7.075883    -7.077135    -6.986570    -8.571898   -20.978012 
-6.976312  -7.075883    -7.076060    -6.966811    -8.521730   -21.029348 
-6.974498  -7.076105    -7.075484    -6.962879    -8.558202   -21.361614 
-6.973413  -7.076081    -7.070632    -6.948117    -8.458448   -21.503962 
-6.971938  -7.075316    -7.070827    -6.943919    -8.439265   -21.075361 
-6.971938  -7.075316    -7.071399    -6.937931    -8.339630   -21.164099 
-6.971938  -7.073868    -7.071124    -6.921538    -8.307292   -20.704657 
-6.970862  -7.073098    -7.071124    -6.913764    -8.250751   -20.696693 
-6.964516  -7.073087    -7.069582    -6.906785    -8.219952   -20.801683 
-6.963782  -7.071547    -7.069582    -6.901395    -8.207178   -20.986012 
-6.962977  -7.071547    -7.068434    -6.862254    -8.218260   -20.899408 
-6.962977  -7.071264    -7.067949    -6.857953    -8.102439   -21.040834 
-6.962977  -7.071264    -7.066748    -6.837772    -8.079945   -20.868732 
-6.962977  -7.071264    -7.066748    -6.825400    -8.071282   -21.144907 
-6.962977  -7.071264    -7.064750    -6.820786    -8.012734   -20.851597 
-6.962327  -7.069950    -7.063004    -6.829164    -8.001365   -20.056112 
-6.962327  -7.069950    -7.060397    -6.816894    -7.893951   -20.056112 
-6.962327  -7.069650    -7.059737    -6.811397    -7.828961   -20.174414 
-6.962327  -7.069650    -7.059737    -6.809852    -7.829002   -19.844376 
-6.961514  -7.069650    -7.059737    -6.802228    -7.839839   -19.931566 
-6.960788  -7.069650    -7.055489    -6.788223    -7.802956   -19.702394 
-6.960788  -7.069650    -7.055489    -6.779482    -7.787601   -19.320890 
-6.960788  -7.069650    -7.055489    -6.771695    -7.772916   -19.573919 
-6.956012  -7.069650    -7.055489    -6.726445    -7.745875   -19.573919 
-6.956012  -7.069650    -7.055489    -6.731828    -7.714750   -19.573919 
-6.956762  -7.069650    -7.056795    -6.726861    -7.690221   -19.397545 
-6.956762  -7.069650    -7.055371    -6.724020    -7.652027   -19.853455 
-6.956762  -7.069650    -7.055371    -6.718696    -7.677299   -20.018036 
-6.956012  -7.069650    -7.051309    -6.711794    -7.664194   -19.967600 
-6.955907  -7.069650    -7.051312    -6.706393    -7.656806   -19.965694 
-6.955907  -7.069650    -7.050644    -6.704509    -7.594306   -20.318546 
-6.955185  -7.069650    -7.047442    -6.703498    -7.596802   -20.429377 
-6.955185  -7.069650    -7.047433    -6.693524    -7.508264   -20.199402 
-6.955185  -7.069287    -7.047433    -6.686091    -7.494410   -19.769323 
-6.954784  -7.069287    -7.048112    -6.686361    -7.496217   -19.626648 
-6.954784  -7.069287    -7.048046    -6.680677    -7.479037   -19.204569 
-6.954784  -7.069287    -7.043199    -6.677302    -7.474240   -19.006760 
-6.954784  -7.064923    -7.043199    -6.678503    -7.458898   -19.226042 
-6.954784  -7.063792    -7.043185    -6.678118    -7.462106   -18.672754 
-6.954784  -7.063792    -7.043185    -6.673667    -7.481762   -18.787693 
-6.954784  -7.063792    -7.042333    -6.654285    -7.428570   -18.592319 
-6.954784  -7.063789    -7.042333    -6.649497    -7.427274   -19.061928 
-6.954784  -7.063789    -7.041083    -6.646385    -7.429439   -19.126812 
-6.954784  -7.063792    -7.041083    -6.642899    -7.415648   -19.268972 
-6.954784  -7.063789    -7.041083    -6.642899    -7.420627   -19.268972 
-6.954784  -7.062545    -7.040686    -6.640044    -7.353461   -19.301435 
-6.954784  -7.053529    -7.039783    -6.637563    -7.325529   -19.000683 
-6.954784  -7.053529    -7.039670    -6.636132    -7.331064   -18.987631 
-6.954784  -7.053529    -7.038003    -6.648243    -7.388659   -19.028025 
-6.954784  -7.053529    -7.038003    -6.647019    -7.391468   -18.931082 
-6.954784  -7.043010    -7.037590    -6.642700    -7.402144   -19.024769 
-6.954784  -7.043010    -7.037383    -6.635452    -7.402144   -18.965015 
-6.954784  -7.043010    -7.036653    -6.640399    -7.442147   -18.747143 
-6.954784  -7.043010    -7.036517    -6.638371    -7.299258   -18.757671 
-6.954784  -7.041410    -7.034575    -6.634720    -7.349068   -18.587650 
-6.954784  -7.041278    -7.033597    -6.629295    -7.336833   -18.700640 
-6.954784  -7.041278    -7.033597    -6.624309    -7.300745   -18.655548 
-6.954784  -7.035206    -7.034063    -6.620941    -7.292281   -18.544113 
-6.954784  -7.035206    -7.034013    -6.619012    -7.289170   -18.380188 
-6.954784  -7.034007    -7.033025    -6.612380    -7.274251   -18.635023 
-6.954784  -7.034007    -7.033025    -6.612523    -7.265863   -18.615339 
-6.954784  -7.034007    -7.032630    -6.612050    -7.262305   -18.599228 
-6.953660  -7.034007    -7.033025    -6.610798    -7.221645   -18.293552 
-6.953660  -7.034007    -7.032362    -6.609952    -7.216640   -18.413363 
-6.953660  -7.034007    -7.031835    -6.610044    -7.209953   -18.315491 
-6.953660  -7.034007    -7.031779    -6.607551    -7.186751   -17.883093 
-6.953660  -7.034007    -7.031641    -6.608048    -7.134599   -17.538914 
-6.953660  -7.034007    -7.031641    -6.603616    -7.127850   -17.532572 
-6.953660  -7.034007    -7.030697    -6.603111    -7.128306   -17.352182 
-6.953660  -7.034007    -7.030697    -6.592999    -7.128276   -17.216940 
-6.953660  -7.034007    -7.031278    -6.593616    -7.054398   -17.163736 
-6.952384  -7.034007    -7.031278    -6.597753    -7.197423   -17.775818 
-6.952033  -7.034007    -7.031278    -6.596756    -7.198091   -17.657995 
-6.952033  -7.034007    -7.031278    -6.596756    -7.176230   -17.435562 