circle 0.5302 0.5859 0.6356 0.6437 0.7061 0.8113 0.8400 0.9132 1.0280 1.1108 
triangle1 1.1944 1.2677 1.3802 1.5029 1.5821 1.6455 1.8418 1.8979 2.0545 2.0865 
house 1.3322 1.5765 2.2249 2.5603 2.5972 2.6702 2.8194 2.8352 2.9284 3.0382 
square 2.0476 2.4996 3.0872 3.1893 3.3993 3.5436 3.6640 3.6676 4.0870 4.1250 
cross 5.0971 6.3629 6.5779 6.6465 6.6758 6.7041 6.9239 7.0477 7.4503 7.7564 
5star 7.0086 8.0913 8.1329 8.8600 9.1342 9.2284 9.4088 9.4572 9.6704 9.9475 
4star 13.2162 13.4115 13.8873 14.1329 14.3754 14.5256 14.6131 14.7989 15.3725 15.5043 
arch 13.9573 14.4949 15.2099 15.4407 15.4858 15.7521 16.8305 17.2285 17.4234 17.7805 
clover 16.2435 16.4723 17.8501 17.8910 18.0390 18.1084 18.7596 18.7729 20.6015 21.8346 
balls 19.8601 20.1612 20.1867 20.5093 21.7082 21.8705 22.8698 24.2788 24.7973 26.6235 
